N <- 1130
O <- 33
K <- 3
y <- 
c(3, 1, 4, 4, 10, 4, 3, 2, 1, 5, 1, 1, 1, 1, 2, 7, 2, 6, 1, 2, 4, 8, 2, 1,
15, 2, 8, 1, 7, 9, 12, 1, 6, 2, 2, 2, 1, 3, 1, 2, 1, 1, 6, 4, 7, 2, 7, 3, 4, 2,
4, 2, 8, 6, 5, 2, 8, 2, 1, 1, 3, 1, 4, 1, 4, 4, 1, 7, 7, 3, 3, 2, 2, 1, 1, 2, 1,
3, 2, 2, 22, 8, 5, 12, 4, 9, 4, 2, 5, 3, 10, 1, 8, 1, 1, 2, 1, 2, 5, 3, 1, 1, 7,
3, 2, 2, 3, 1, 4, 1, 4, 1, 1, 4, 7, 2, 1, 1, 4, 1, 2, 3, 4, 2, 7, 1, 7, 1, 1, 4,
1, 2, 1, 5, 11, 2, 9, 1, 1, 1, 2, 1, 1, 3, 2, 1, 6, 1, 10, 1, 1, 1, 2, 4, 1, 17,
12, 8, 1, 2, 1, 1, 1, 1, 3, 4, 2, 2, 9, 1, 29, 2, 4, 5, 7, 8, 4, 1, 1, 2, 1, 2,
1, 2, 1, 2, 1, 6, 11, 8, 1, 1, 3, 1, 1, 3, 4, 1, 16, 1, 8, 2, 9, 1, 1, 2, 15, 1,
3, 1, 1, 1, 17, 6, 5, 2, 3, 3, 1, 2, 1, 1, 2, 1, 1, 3, 2, 6, 1, 8, 2, 2, 2, 14,
3, 1, 1, 6, 2, 5, 6, 14, 1, 2, 1, 7, 5, 1, 3, 9, 6, 8, 26, 3, 4, 2, 3, 5, 1, 9,
1, 14, 2, 1, 1, 6, 1, 5, 4, 1, 2, 12, 3, 1, 3, 9, 1, 4, 2, 2, 1, 1, 1, 8, 1, 3,
1, 3, 19, 2, 2, 2, 9, 1, 3, 3, 2, 1, 1, 3, 10, 1, 1, 4, 2, 4, 4, 1, 3, 5, 2, 2,
1, 3, 2, 1, 5, 9, 2, 10, 8, 1, 2, 3, 3, 1, 1, 1, 12, 9, 1, 1, 1, 2, 1, 3, 1, 10,
4, 2, 8, 1, 1, 1, 9, 3, 4, 1, 1, 4, 2, 5, 3, 1, 1, 1, 1, 1, 2, 4, 3, 5, 1, 1, 2,
1, 2, 3, 2, 5, 1, 3, 1, 7, 1, 1, 1, 4, 2, 1, 2, 8, 1, 1, 2, 9, 1, 3, 9, 1, 1, 9,
2, 3, 3, 8, 1, 7, 2, 5, 10, 9, 2, 5, 1, 3, 1, 1, 2, 6, 7, 1, 3, 2, 7, 3, 4, 1,
5, 1, 1, 1, 2, 1, 1, 10, 10, 1, 10, 1, 11, 1, 1, 1, 2, 3, 6, 4, 5, 3, 10, 3, 2,
4, 1, 10, 1, 5, 9, 3, 3, 3, 6, 6, 2, 5, 2, 1, 3, 2, 6, 1, 4, 9, 2, 10, 8, 4, 1,
3, 15, 3, 5, 5, 5, 1, 4, 5, 3, 1, 1, 1, 2, 4, 3, 5, 7, 2, 1, 1, 1, 6, 9, 2, 2,
1, 4, 2, 7, 2, 4, 8, 1, 5, 1, 7, 6, 2, 2, 1, 4, 2, 1, 10, 4, 1, 1, 1, 3, 2, 12,
1, 5, 1, 2, 4, 4, 1, 1, 2, 4, 1, 3, 1, 1, 1, 1, 7, 14, 1, 2, 7, 2, 3, 5, 3, 7,
7, 3, 3, 11, 18, 9, 2, 1, 3, 3, 1, 2, 7, 1, 1, 8, 6, 2, 3, 2, 6, 1, 2, 3, 3, 2,
1, 4, 6, 3, 3, 1, 2, 1, 1, 1, 3, 1, 1, 1, 3, 1, 3, 6, 3, 7, 1, 8, 3, 1, 18, 14,
1, 2, 1, 3, 2, 3, 1, 10, 1, 12, 9, 2, 10, 1, 1, 1, 2, 7, 6, 5, 1, 4, 5, 5, 3, 1,
1, 1, 3, 2, 4, 2, 1, 1, 3, 2, 1, 4, 2, 4, 4, 2, 1, 6, 3, 4, 1, 2, 1, 2, 4, 2, 1,
3, 1, 2, 1, 1, 2, 14, 2, 2, 1, 3, 3, 4, 1, 4, 1, 2, 1, 1, 6, 5, 1, 3, 1, 8, 2,
10, 21, 3, 2, 2, 6, 1, 1, 4, 3, 2, 1, 1, 6, 10, 3, 1, 7, 3, 4, 33, 2, 8, 6, 6,
13, 5, 1, 1, 1, 2, 1, 1, 8, 1, 2, 2, 1, 1, 1, 1, 4, 2, 1, 8, 2, 2, 5, 3, 9, 6,
7, 2, 3, 10, 1, 6, 1, 1, 1, 5, 1, 2, 6, 1, 2, 5, 2, 3, 3, 4, 1, 1, 2, 8, 1, 2,
5, 2, 2, 2, 2, 4, 15, 6, 2, 7, 4, 4, 4, 1, 2, 1, 1, 1, 9, 4, 1, 1, 8, 4, 7, 11,
3, 1, 8, 1, 1, 1, 2, 3, 1, 1, 1, 1, 1, 3, 8, 3, 1, 2, 1, 8, 5, 1, 1, 1, 1, 1, 1,
1, 3, 2, 4, 1, 2, 2, 2, 3, 4, 1, 6, 3, 1, 7, 3, 1, 5, 3, 2, 4, 3, 6, 1, 2, 2, 3,
1, 1, 1, 5, 1, 11, 5, 11, 4, 9, 3, 3, 11, 3, 15, 14, 3, 3, 16, 1, 1, 10, 7, 5,
1, 1, 1, 3, 1, 3, 5, 8, 4, 1, 1, 2, 2, 4, 3, 4, 1, 1, 2, 3, 1, 10, 23, 14, 8, 5,
23, 2, 4, 2, 2, 2, 2, 26, 3, 26, 16, 11, 1, 5, 12, 3, 1, 2, 1, 1, 9, 6, 2, 2, 1,
1, 1, 1, 6, 1, 1, 3, 12, 4, 1, 4, 1, 2, 1, 4, 1, 24, 2, 1, 2, 4, 10, 1, 4, 1, 1,
1, 1, 7, 3, 1, 1, 2, 10, 1, 1, 4, 1, 1, 2, 14, 10, 1, 6, 1, 1, 4, 10, 9, 3, 8,
1, 2, 6, 28, 14, 15, 24, 8, 21, 8, 7, 1, 6, 12, 9, 6, 22, 1, 1, 1, 1, 2, 3, 3,
1, 2, 1, 5, 2, 1, 2, 2, 1, 1, 3, 7, 1, 3, 2, 8, 6, 2, 3, 1, 7, 1, 16, 1, 1, 6,
3, 6, 2, 2, 1, 1, 4, 2, 7, 1, 1, 2, 3, 1, 1, 4, 4, 3, 1, 10, 2, 2, 2, 1, 7, 3,
8, 1, 6, 2, 4, 6, 3, 5, 9, 2, 3, 1, 14, 3, 2, 4, 1, 3, 2, 9, 2, 1, 2, 6, 14, 1,
6, 2, 6, 1, 5, 10, 1, 2, 3, 10, 9, 2, 1, 6, 3, 1, 1, 4, 4, 2, 1, 5, 8, 1, 1, 1,
2, 3, 1, 1, 1, 20, 1, 12, 1, 1, 4, 6, 1, 3, 7, 1, 1, 2, 1, 3, 3, 4, 2, 3, 2, 1,
5, 1, 3, 1, 3, 2, 1, 1, 1, 2, 1, 1, 2, 4, 4)
X <- 
structure(c(1, 1, 1, 1, 1, 1, 1, 1, 1, 1, 1, 1, 1, 1, 1, 1, 1, 1, 1, 1, 1, 1, 1,
1, 1, 1, 1, 1, 1, 1, 1, 1, 1, 1, 1, 1, 1, 1, 1, 1, 1, 1, 1, 1, 1, 1, 1, 1, 1, 1,
1, 1, 1, 1, 1, 1, 1, 1, 1, 1, 1, 1, 1, 1, 1, 1, 1, 1, 1, 1, 1, 1, 1, 1, 1, 1, 1,
1, 1, 1, 1, 1, 1, 1, 1, 1, 1, 1, 1, 1, 1, 1, 1, 1, 1, 1, 1, 1, 1, 1, 1, 1, 1, 1,
1, 1, 1, 1, 1, 1, 1, 1, 1, 1, 1, 1, 1, 1, 1, 1, 1, 1, 1, 1, 1, 1, 1, 1, 1, 1, 1,
1, 1, 1, 1, 1, 1, 1, 1, 1, 1, 1, 1, 1, 1, 1, 1, 1, 1, 1, 1, 1, 1, 1, 1, 1, 1, 1,
1, 1, 1, 1, 1, 1, 1, 1, 1, 1, 1, 1, 1, 1, 1, 1, 1, 1, 1, 1, 1, 1, 1, 1, 1, 1, 1,
1, 1, 1, 1, 1, 1, 1, 1, 1, 1, 1, 1, 1, 1, 1, 1, 1, 1, 1, 1, 1, 1, 1, 1, 1, 1, 1,
1, 1, 1, 1, 1, 1, 1, 1, 1, 1, 1, 1, 1, 1, 1, 1, 1, 1, 1, 1, 1, 1, 1, 1, 1, 1, 1,
1, 1, 1, 1, 1, 1, 1, 1, 1, 1, 1, 1, 1, 1, 1, 1, 1, 1, 1, 1, 1, 1, 1, 1, 1, 1, 1,
1, 1, 1, 1, 1, 1, 1, 1, 1, 1, 1, 1, 1, 1, 1, 1, 1, 1, 1, 1, 1, 1, 1, 1, 1, 1, 1,
1, 1, 1, 1, 1, 1, 1, 1, 1, 1, 1, 1, 1, 1, 1, 1, 1, 1, 1, 1, 1, 1, 1, 1, 1, 1, 1,
1, 1, 1, 1, 1, 1, 1, 1, 1, 1, 1, 1, 1, 1, 1, 1, 1, 1, 1, 1, 1, 1, 1, 1, 1, 1, 1,
1, 1, 1, 1, 1, 1, 1, 1, 1, 1, 1, 1, 1, 1, 1, 1, 1, 1, 1, 1, 1, 1, 1, 1, 1, 1, 1,
1, 1, 1, 1, 1, 1, 1, 1, 1, 1, 1, 1, 1, 1, 1, 1, 1, 1, 1, 1, 1, 1, 1, 1, 1, 1, 1,
1, 1, 1, 1, 1, 1, 1, 1, 1, 1, 1, 1, 1, 1, 1, 1, 1, 1, 1, 1, 1, 1, 1, 1, 1, 1, 1,
1, 1, 1, 1, 1, 1, 1, 1, 1, 1, 1, 1, 1, 1, 1, 1, 1, 1, 1, 1, 1, 1, 1, 1, 1, 1, 1,
1, 1, 1, 1, 1, 1, 1, 1, 1, 1, 1, 1, 1, 1, 1, 1, 1, 1, 1, 1, 1, 1, 1, 1, 1, 1, 1,
1, 1, 1, 1, 1, 1, 1, 1, 1, 1, 1, 1, 1, 1, 1, 1, 1, 1, 1, 1, 1, 1, 1, 1, 1, 1, 1,
1, 1, 1, 1, 1, 1, 1, 1, 1, 1, 1, 1, 1, 1, 1, 1, 1, 1, 1, 1, 1, 1, 1, 1, 1, 1, 1,
1, 1, 1, 1, 1, 1, 1, 1, 1, 1, 1, 1, 1, 1, 1, 1, 1, 1, 1, 1, 1, 1, 1, 1, 1, 1, 1,
1, 1, 1, 1, 1, 1, 1, 1, 1, 1, 1, 1, 1, 1, 1, 1, 1, 1, 1, 1, 1, 1, 1, 1, 1, 1, 1,
1, 1, 1, 1, 1, 1, 1, 1, 1, 1, 1, 1, 1, 1, 1, 1, 1, 1, 1, 1, 1, 1, 1, 1, 1, 1, 1,
1, 1, 1, 1, 1, 1, 1, 1, 1, 1, 1, 1, 1, 1, 1, 1, 1, 1, 1, 1, 1, 1, 1, 1, 1, 1, 1,
1, 1, 1, 1, 1, 1, 1, 1, 1, 1, 1, 1, 1, 1, 1, 1, 1, 1, 1, 1, 1, 1, 1, 1, 1, 1, 1,
1, 1, 1, 1, 1, 1, 1, 1, 1, 1, 1, 1, 1, 1, 1, 1, 1, 1, 1, 1, 1, 1, 1, 1, 1, 1, 1,
1, 1, 1, 1, 1, 1, 1, 1, 1, 1, 1, 1, 1, 1, 1, 1, 1, 1, 1, 1, 1, 1, 1, 1, 1, 1, 1,
1, 1, 1, 1, 1, 1, 1, 1, 1, 1, 1, 1, 1, 1, 1, 1, 1, 1, 1, 1, 1, 1, 1, 1, 1, 1, 1,
1, 1, 1, 1, 1, 1, 1, 1, 1, 1, 1, 1, 1, 1, 1, 1, 1, 1, 1, 1, 1, 1, 1, 1, 1, 1, 1,
1, 1, 1, 1, 1, 1, 1, 1, 1, 1, 1, 1, 1, 1, 1, 1, 1, 1, 1, 1, 1, 1, 1, 1, 1, 1, 1,
1, 1, 1, 1, 1, 1, 1, 1, 1, 1, 1, 1, 1, 1, 1, 1, 1, 1, 1, 1, 1, 1, 1, 1, 1, 1, 1,
1, 1, 1, 1, 1, 1, 1, 1, 1, 1, 1, 1, 1, 1, 1, 1, 1, 1, 1, 1, 1, 1, 1, 1, 1, 1, 1,
1, 1, 1, 1, 1, 1, 1, 1, 1, 1, 1, 1, 1, 1, 1, 1, 1, 1, 1, 1, 1, 1, 1, 1, 1, 1, 1,
1, 1, 1, 1, 1, 1, 1, 1, 1, 1, 1, 1, 1, 1, 1, 1, 1, 1, 1, 1, 1, 1, 1, 1, 1, 1, 1,
1, 1, 1, 1, 1, 1, 1, 1, 1, 1, 1, 1, 1, 1, 1, 1, 1, 1, 1, 1, 1, 1, 1, 1, 1, 1, 1,
1, 1, 1, 1, 1, 1, 1, 1, 1, 1, 1, 1, 1, 1, 1, 1, 1, 1, 1, 1, 1, 1, 1, 1, 1, 1, 1,
1, 1, 1, 1, 1, 1, 1, 1, 1, 1, 1, 1, 1, 1, 1, 1, 1, 1, 1, 1, 1, 1, 1, 1, 1, 1, 1,
1, 1, 1, 1, 1, 1, 1, 1, 1, 1, 1, 1, 1, 1, 1, 1, 1, 1, 1, 1, 1, 1, 1, 1, 1, 1, 1,
1, 1, 1, 1, 1, 1, 1, 1, 1, 1, 1, 1, 1, 1, 1, 1, 1, 1, 1, 1, 1, 1, 1, 1, 1, 1, 1,
1, 1, 1, 1, 1, 1, 1, 1, 1, 1, 1, 1, 1, 1, 1, 1, 1, 1, 1, 1, 1, 1, 1, 1, 1, 1, 1,
1, 1, 1, 1, 1, 1, 1, 1, 1, 1, 1, 1, 1, 1, 1, 1, 1, 1, 1, 1, 1, 1, 1, 1, 1, 1, 1,
1, 1, 1, 1, 1, 1, 1, 1, 1, 1, 1, 1, 1, 1, 1, 1, 1, 1, 1, 1, 1, 1, 1, 1, 1, 1, 1,
0.274027679037943, 0.279770233988647, 0.315127403029098, 0.0218827003166391,
0.476676420085395, 0.580167355607176, 0.38742298821307, 0.207350736569541,
0.0985154142197741, 0.368854251408961, 0.0985154142197741, 0.200522720031446,
0.368699945116117, 0.0985154142197741, 0.0470957276788493, 0.364297382315481,
0.25429826802121, 0.021160093604308, 0, 0.186260010879563, 0.381721167848806,
0.301040112748823, 0.378788094264474, 0.231560405810149, 0.201492483068963,
0.203564084910946, 0.17728334847904, 0.0843804410024347, 0.129482328238955,
0.332097655218405, 0.50348114412672, 0.0307163745874085, 0.286959940652247,
0.25429826802121, 0.2991786663186, 0.224963613851292, 0, 0.119081204076939,
0.0467244433739411, 0.0289494961811836, 0.0181958489254914, 0,
0.431916460182895, 0.406933806995809, 0.247343204435493, 0.452093592462576,
0.426055417197638, 0.277365344017527, 0.024473954032933, 0.105817307745654,
0.177946263000848, 0.6046920972029, 0.251741073067393, 0.0880930939854501,
0.740615354395852, 0.189220276365647, 0.196921137587821, 0.0252217879189365,
