N <- 1130
O <- 33
N_unc <- 1096
N_cen <- 34
dur_unc <- 
c(3, 1, 4, 4, 4, 3, 2, 1, 5, 1, 1, 1, 1, 2, 7, 2, 6, 1, 2, 4, 8, 2,
1, 15, 2, 8, 1, 7, 9, 12, 1, 6, 2, 2, 2, 1, 3, 1, 2, 1, 1, 6, 4, 7, 2, 7, 3, 4,
2, 4, 2, 8, 6, 5, 2, 8, 2, 1, 1, 3, 1, 4, 1, 4, 1, 7, 7, 3, 3, 2, 2, 1, 1, 2, 1,
3, 2, 2, 8, 5, 12, 4, 9, 4, 2, 5, 3, 10, 1, 8, 1, 1, 2, 1, 2, 5, 3, 1, 1, 7, 3,
2, 2, 3, 1, 4, 1, 4, 1, 1, 4, 7, 2, 1, 1, 4, 1, 2, 3, 4, 2, 7, 1, 7, 1, 1, 4, 1,
2, 1, 5, 11, 2, 9, 1, 1, 1, 2, 1, 1, 3, 2, 1, 6, 1, 10, 1, 1, 1, 2, 4, 1, 17,
12, 8, 1, 2, 1, 1, 1, 1, 3, 4, 2, 2, 9, 1, 2, 4, 5, 7, 8, 4, 1, 1, 2, 1, 2, 1,
2, 1, 2, 1, 6, 11, 8, 1, 1, 3, 1, 1, 3, 4, 1, 16, 1, 8, 2, 9, 1, 1, 2, 15, 1, 3,
1, 17, 6, 5, 2, 3, 3, 1, 2, 1, 1, 2, 1, 1, 3, 2, 6, 1, 8, 2, 2, 2, 14, 3, 1, 1,
6, 2, 5, 6, 14, 1, 2, 1, 7, 5, 1, 3, 9, 6, 8, 3, 4, 2, 3, 5, 1, 9, 1, 14, 2, 1,
1, 6, 1, 5, 4, 1, 2, 12, 3, 1, 3, 9, 1, 4, 2, 2, 1, 1, 1, 8, 1, 3, 1, 3, 19, 2,
2, 2, 9, 1, 3, 3, 2, 1, 1, 3, 10, 1, 1, 4, 2, 4, 4, 1, 3, 5, 2, 2, 1, 3, 2, 1,
5, 9, 2, 10, 8, 1, 2, 3, 3, 1, 1, 12, 9, 1, 1, 1, 2, 1, 3, 10, 4, 2, 8, 1, 1, 1,
9, 3, 4, 1, 1, 4, 2, 5, 3, 1, 1, 1, 1, 1, 2, 4, 3, 5, 1, 1, 2, 1, 2, 3, 2, 5, 1,
3, 1, 7, 1, 1, 1, 4, 2, 1, 2, 1, 1, 2, 9, 1, 3, 9, 1, 1, 9, 2, 3, 3, 8, 1, 7, 2,
5, 10, 9, 2, 5, 1, 3, 1, 1, 2, 6, 7, 1, 3, 2, 7, 3, 4, 1, 5, 1, 1, 2, 1, 1, 10,
10, 1, 10, 1, 11, 1, 1, 1, 2, 3, 6, 4, 5, 3, 10, 3, 2, 4, 1, 10, 1, 5, 9, 3, 3,
3, 6, 6, 2, 5, 2, 1, 3, 2, 6, 1, 4, 9, 2, 10, 8, 4, 1, 3, 15, 3, 5, 5, 5, 1, 4,
5, 3, 1, 1, 1, 2, 4, 3, 5, 7, 2, 1, 1, 1, 6, 9, 2, 2, 1, 4, 2, 7, 2, 4, 8, 1, 5,
1, 6, 2, 2, 1, 4, 2, 1, 10, 4, 1, 1, 1, 3, 2, 12, 1, 1, 2, 4, 4, 1, 1, 2, 4, 1,
3, 1, 1, 1, 1, 7, 14, 1, 2, 7, 2, 3, 5, 3, 7, 7, 3, 3, 11, 18, 9, 2, 1, 3, 3, 1,
2, 7, 1, 1, 8, 6, 2, 3, 2, 6, 1, 2, 3, 3, 2, 1, 4, 6, 3, 3, 2, 1, 1, 1, 3, 1, 1,
1, 3, 1, 3, 6, 3, 7, 1, 8, 3, 1, 14, 1, 2, 1, 3, 2, 3, 1, 10, 1, 12, 9, 2, 10,
1, 1, 1, 2, 7, 6, 5, 1, 4, 5, 5, 3, 1, 1, 1, 3, 2, 4, 2, 1, 1, 3, 2, 1, 4, 2, 4,
4, 2, 1, 6, 3, 4, 1, 2, 1, 2, 4, 2, 1, 3, 1, 2, 1, 1, 2, 14, 2, 2, 1, 3, 3, 4,
1, 4, 1, 2, 1, 1, 6, 5, 1, 3, 1, 8, 2, 21, 3, 2, 2, 6, 1, 1, 4, 3, 2, 1, 1, 6,
3, 1, 7, 3, 4, 2, 8, 6, 6, 5, 1, 1, 1, 2, 1, 1, 8, 1, 2, 2, 1, 1, 1, 4, 2, 1, 8,
2, 2, 5, 3, 9, 6, 7, 2, 3, 10, 1, 6, 1, 1, 1, 5, 1, 2, 6, 1, 2, 2, 3, 3, 4, 1,
1, 2, 8, 1, 2, 5, 2, 2, 2, 2, 4, 15, 6, 2, 7, 4, 4, 4, 1, 2, 1, 1, 1, 9, 4, 1,
1, 8, 4, 7, 11, 3, 1, 8, 1, 1, 1, 2, 3, 1, 1, 1, 1, 1, 3, 8, 3, 1, 2, 1, 8, 5,
1, 1, 1, 1, 1, 1, 1, 2, 4, 1, 2, 2, 2, 3, 4, 1, 6, 3, 1, 7, 3, 1, 5, 3, 2, 4, 3,
6, 1, 2, 2, 3, 1, 1, 1, 5, 1, 11, 5, 11, 4, 9, 3, 3, 11, 3, 15, 14, 3, 3, 16, 1,
1, 10, 7, 5, 1, 1, 1, 3, 1, 3, 5, 8, 4, 1, 1, 2, 2, 4, 3, 4, 1, 1, 2, 3, 1, 10,
23, 14, 8, 5, 2, 4, 2, 2, 2, 2, 26, 3, 16, 11, 1, 5, 12, 3, 1, 2, 1, 1, 9, 6, 2,
2, 1, 1, 1, 1, 6, 1, 1, 3, 12, 4, 1, 4, 1, 2, 1, 4, 1, 24, 2, 1, 2, 4, 10, 1, 4,
1, 1, 1, 1, 7, 3, 1, 2, 10, 1, 1, 4, 1, 1, 2, 14, 10, 1, 6, 1, 1, 4, 10, 9, 3,
8, 1, 2, 6, 14, 15, 8, 21, 8, 7, 1, 6, 12, 9, 6, 22, 1, 1, 1, 1, 2, 3, 3, 1, 2,
1, 5, 2, 1, 2, 2, 1, 1, 3, 7, 3, 2, 8, 6, 2, 3, 1, 7, 1, 16, 1, 1, 6, 3, 6, 2,
2, 1, 1, 4, 2, 7, 1, 1, 2, 3, 1, 1, 4, 4, 3, 1, 2, 2, 1, 3, 8, 1, 6, 2, 4, 6, 3,
5, 9, 2, 3, 1, 14, 3, 2, 4, 1, 3, 2, 9, 2, 1, 2, 6, 14, 1, 6, 2, 6, 1, 5, 10, 1,
2, 3, 10, 2, 1, 6, 3, 1, 1, 4, 4, 2, 1, 5, 8, 1, 1, 1, 2, 3, 1, 1, 1, 1, 12, 1,
1, 4, 6, 1, 3, 7, 1, 1, 2, 1, 3, 3, 4, 2, 3, 2, 1, 5, 3, 1, 3, 2, 1, 1, 1, 2, 1,
1, 2, 4, 4)
cohort_unc <- 
c(15, 22, 16, 8, 22, 15, 15, 17, 21, 17, 20, 12, 17, 25, 26, 20,
25, 6, 26, 14, 9, 18, 16, 15, 9, 8, 21, 9, 9, 23, 20, 22, 20, 20, 19, 6, 26, 3,
2, 26, 6, 26, 20, 23, 29, 26, 29, 6, 7, 6, 31, 26, 8, 14, 30, 8, 4, 33, 30, 17,
16, 25, 25, 33, 26, 26, 8, 21, 5, 26, 22, 20, 3, 33, 22, 22, 15, 21, 21, 19, 28,
20, 26, 24, 26, 26, 18, 10, 25, 21, 14, 28, 25, 22, 29, 22, 20, 15, 15, 7, 5,
15, 4, 29, 16, 25, 21, 20, 26, 17, 4, 7, 21, 7, 17, 21, 4, 21, 5, 26, 20, 14,
28, 26, 18, 28, 22, 25, 25, 28, 22, 14, 9, 15, 22, 30, 21, 27, 20, 16, 5, 21,
30, 9, 18, 10, 17, 15, 9, 16, 4, 20, 29, 32, 11, 5, 30, 3, 14, 10, 15, 22, 22,
20, 18, 9, 25, 17, 20, 30, 9, 10, 21, 15, 16, 20, 6, 17, 5, 20, 18, 30, 19, 9,
11, 12, 29, 15, 22, 19, 25, 21, 26, 20, 16, 26, 26, 22, 26, 20, 20, 17, 15, 23,
28, 17, 17, 26, 26, 30, 22, 22, 20, 20, 5, 17, 22, 22, 6, 21, 26, 20, 20, 8, 15,
8, 29, 14, 17, 24, 30, 6, 19, 6, 22, 16, 28, 7, 31, 21, 30, 20, 26, 9, 8, 26,
22, 22, 17, 31, 19, 8, 27, 20, 32, 20, 5, 6, 19, 14, 26, 25, 28, 4, 26, 20, 19,
32, 25, 18, 21, 33, 19, 28, 16, 22, 28, 25, 30, 20, 25, 19, 16, 3, 15, 32, 29,
32, 22, 5, 16, 23, 30, 30, 8, 11, 30, 28, 30, 32, 19, 22, 20, 15, 5, 18, 9, 6,
10, 21, 10, 9, 10, 9, 20, 20, 19, 8, 18, 19, 12, 9, 28, 16, 15, 26, 30, 22, 24,
33, 17, 25, 30, 20, 25, 27, 21, 28, 33, 18, 28, 29, 10, 28, 19, 25, 20, 21, 15,
18, 15, 32, 21, 16, 30, 18, 20, 7, 5, 22, 30, 21, 23, 26, 26, 15, 20, 20, 21,
33, 17, 26, 20, 14, 9, 9, 22, 16, 9, 15, 16, 9, 26, 30, 8, 8, 17, 9, 27, 17, 10,
26, 25, 8, 17, 22, 20, 20, 31, 8, 32, 33, 28, 6, 17, 26, 26, 22, 25, 5, 19, 2,
5, 7, 10, 26, 20, 26, 17, 12, 20, 16, 15, 30, 26, 25, 24, 26, 9, 10, 25, 26, 33,
32, 32, 6, 7, 9, 26, 30, 30, 7, 28, 25, 29, 29, 27, 5, 20, 26, 25, 30, 9, 25,
26, 30, 22, 33, 9, 15, 26, 5, 20, 20, 14, 29, 24, 20, 18, 16, 14, 33, 8, 19, 21,
9, 19, 6, 17, 19, 22, 27, 20, 26, 22, 22, 2, 25, 25, 29, 9, 33, 7, 16, 7, 19,
20, 28, 22, 6, 22, 26, 21, 28, 8, 16, 28, 25, 16, 18, 21, 25, 25, 20, 26, 33,
22, 22, 7, 3, 18, 17, 19, 17, 10, 15, 24, 15, 8, 9, 24, 10, 30, 9, 8, 22, 20,
13, 20, 30, 32, 28, 28, 32, 6, 20, 25, 21, 27, 26, 8, 21, 24, 17, 7, 22, 26, 22,
26, 25, 33, 6, 26, 25, 26, 6, 20, 16, 15, 22, 17, 21, 19, 32, 20, 23, 26, 5, 7,
8, 8, 21, 26, 14, 15, 21, 30, 30, 19, 21, 26, 28, 17, 26, 24, 20, 28, 9, 20, 15,
4, 25, 33, 7, 20, 4, 22, 32, 21, 16, 10, 15, 28, 22, 24, 21, 17, 4, 32, 15, 18,
19, 30, 22, 22, 8, 9, 25, 26, 21, 7, 21, 20, 26, 33, 22, 24, 25, 14, 20, 17, 9,
2, 14, 22, 30, 15, 32, 20, 30, 30, 24, 28, 26, 8, 21, 24, 33, 22, 24, 33, 8, 2,
26, 22, 29, 20, 7, 33, 8, 22, 22, 25, 32, 10, 30, 22, 21, 33, 32, 33, 29, 24,
26, 26, 14, 20, 2, 23, 9, 20, 17, 12, 14, 33, 32, 7, 12, 19, 33, 16, 33, 10, 16,
20, 20, 20, 9, 29, 30, 20, 18, 10, 30, 25, 26, 16, 30, 30, 20, 16, 33, 28, 21,
19, 20, 26, 26, 26, 3, 15, 8, 3, 5, 7, 29, 22, 21, 30, 6, 15, 7, 24, 25, 29, 30,
26, 15, 19, 22, 9, 16, 26, 17, 17, 17, 28, 6, 33, 24, 28, 21, 8, 3, 25, 26, 15,
32, 20, 20, 25, 25, 21, 22, 25, 22, 14, 2, 5, 10, 32, 33, 16, 28, 5, 20, 3, 21,
7, 21, 16, 20, 28, 20, 32, 21, 14, 25, 16, 20, 26, 26, 25, 24, 32, 25, 29, 18,
8, 6, 4, 2, 8, 25, 21, 15, 26, 20, 15, 5, 11, 4, 10, 5, 17, 30, 6, 18, 17, 22,
33, 16, 15, 21, 11, 7, 10, 7, 19, 28, 3, 23, 22, 23, 8, 22, 19, 21, 18, 20, 6,
33, 28, 14, 20, 21, 22, 21, 29, 26, 14, 25, 25, 25, 29, 29, 21, 20, 25, 26, 20,
16, 26, 15, 30, 26, 18, 33, 20, 5, 15, 9, 30, 21, 15, 15, 16, 25, 16, 22, 16,
29, 30, 30, 6, 30, 29, 20, 29, 6, 28, 28, 24, 19, 6, 16, 21, 28, 5, 4, 17, 17,
6, 19, 16, 21, 22, 21, 26, 30, 20, 33, 17, 16, 15, 32, 26, 5, 26, 18, 16, 30,
25, 25, 19, 8, 28, 13, 9, 14, 15, 10, 21, 26, 26, 25, 25, 12, 28, 25, 22, 9, 33,
26, 26, 4, 26, 19, 24, 16, 22, 8, 20, 23, 19, 25, 28, 16, 7, 9, 25, 29, 33, 33,
33, 33, 26, 7, 16, 16, 7, 9, 27, 30, 12, 21, 22, 9, 19, 32, 33, 7, 30, 28, 18,
25, 10, 15, 20, 25, 18, 16, 15, 33, 20, 27, 10, 17, 21, 22, 6, 7, 5, 5, 9, 30,
6, 22, 14, 3, 7, 16, 16, 28, 32, 26, 7, 16, 20, 25, 14, 6, 22, 28, 8, 8, 23, 19,
17, 18, 5, 26, 19, 20, 22, 16, 20, 25, 22, 32, 20, 21, 21, 15, 19, 28, 26, 26,
16, 25, 17, 25, 28, 12, 21, 17, 26, 6, 29, 7, 26, 18, 7, 24, 20, 21, 4, 21, 20,
4, 33, 3, 33, 7, 8, 18, 20, 18, 20, 15, 3, 3, 20, 26, 29, 26)
dur_cen <- 
c(10, 4, 22, 29, 1, 1, 26, 1, 1, 8, 1, 7, 5, 1, 18, 10, 10, 33, 13,
1, 5, 3, 23, 26, 1, 28, 24, 1, 10, 2, 7, 9, 20, 1)
cohort_cen <- 
c(10, 4, 22, 29, 1, 1, 26, 1, 1, 8, 1, 7, 5, 1, 18, 10, 10, 33,
13, 1, 5, 3, 23, 26, 1, 28, 24, 1, 10, 2, 7, 9, 20, 1)
