dur_unc <- 
c(3, 1, 4, 4, 11, 3, 3, 2, 5, 1, 1, 3, 8, 1, 1, 1, 1, 4, 8, 2, 2, 1,
16, 2, 8, 1, 7, 9, 11, 1, 6, 1, 1, 1, 1, 1, 1, 2, 1, 7, 4, 4, 10, 9, 4, 2, 4, 1,
3, 1, 6, 6, 6, 4, 1, 8, 2, 1, 3, 1, 4, 2, 5, 1, 3, 8, 7, 2, 3, 2, 2, 1, 1, 1, 3,
2, 2, 28, 8, 4, 12, 4, 1, 11, 4, 1, 6, 1, 3, 10, 2, 8, 1, 1, 5, 3, 1, 1, 7, 3,
2, 2, 2, 4, 1, 4, 1, 4, 16, 2, 4, 7, 2, 1, 4, 1, 2, 1, 3, 6, 1, 8, 10, 1, 2, 2,
1, 5, 12, 2, 10, 1, 1, 1, 4, 1, 1, 3, 2, 6, 1, 3, 6, 1, 11, 1, 1, 1, 2, 4, 1,
17, 13, 9, 1, 1, 1, 1, 1, 1, 3, 3, 1, 2, 9, 2, 4, 7, 1, 8, 4, 1, 1, 1, 1, 1, 1,
1, 1, 6, 12, 9, 1, 3, 1, 2, 3, 1, 17, 10, 2, 9, 1, 1, 16, 2, 3, 18, 1, 6, 3, 8,
1, 3, 3, 1, 1, 1, 2, 1, 1, 1, 2, 6, 1, 8, 2, 2, 15, 3, 2, 6, 1, 22, 5, 6, 15, 2,
1, 7, 1, 6, 1, 2, 2, 9, 6, 6, 34, 3, 1, 3, 1, 4, 1, 11, 1, 14, 1, 1, 1, 5, 1, 8,
2, 2, 13, 1, 3, 10, 1, 4, 1, 1, 1, 9, 1, 1, 1, 16, 2, 2, 2, 11, 1, 3, 1, 2, 1,
1, 13, 1, 1, 3, 5, 2, 2, 1, 3, 2, 7, 2, 5, 9, 2, 11, 8, 1, 1, 2, 3, 1, 13, 9, 1,
1, 4, 1, 3, 1, 1, 1, 4, 1, 1, 2, 11, 1, 4, 1, 6, 5, 1, 1, 1, 1, 1, 1, 2, 4, 1,
5, 1, 1, 2, 1, 2, 3, 2, 1, 1, 1, 8, 1, 1, 1, 4, 4, 10, 1, 1, 2, 9, 1, 3, 9, 1,
1, 9, 3, 1, 3, 8, 7, 2, 5, 10, 12, 1, 5, 1, 1, 3, 1, 1, 1, 6, 4, 6, 2, 7, 5, 4,
1, 6, 1, 2, 1, 1, 10, 11, 1, 11, 12, 1, 1, 1, 1, 1, 6, 4, 6, 3, 4, 10, 4, 11, 1,
5, 9, 1, 1, 1, 6, 3, 2, 5, 3, 1, 9, 1, 9, 2, 12, 5, 3, 3, 16, 6, 5, 5, 5, 3, 1,
1, 1, 3, 3, 1, 1, 1, 4, 2, 5, 7, 1, 1, 6, 11, 1, 1, 1, 3, 2, 7, 3, 2, 8, 5, 1,
8, 6, 1, 1, 3, 2, 1, 5, 4, 1, 1, 1, 2, 1, 1, 13, 1, 6, 1, 3, 4, 4, 1, 2, 2, 1,
1, 3, 4, 1, 2, 7, 15, 2, 2, 7, 2, 1, 4, 1, 7, 7, 3, 3, 12, 19, 12, 4, 1, 3, 1,
1, 1, 1, 2, 1, 10, 6, 2, 1, 4, 6, 4, 1, 2, 3, 7, 4, 4, 1, 1, 8, 1, 4, 1, 2, 1,
1, 2, 1, 3, 1, 5, 1, 1, 2, 7, 1, 3, 7, 1, 8, 2, 1, 20, 1, 15, 1, 2, 1, 1, 1, 5,
1, 1, 2, 3, 5, 13, 7, 1, 8, 1, 1, 1, 2, 6, 1, 5, 1, 5, 4, 5, 1, 1, 1, 1, 1, 1,
2, 4, 2, 1, 1, 2, 1, 3, 1, 1, 3, 3, 2, 1, 7, 5, 4, 1, 2, 1, 2, 1, 2, 7, 1, 3, 1,
1, 1, 7, 1, 2, 15, 2, 1, 2, 1, 1, 3, 1, 2, 4, 1, 1, 1, 2, 1, 1, 1, 8, 2, 10, 1,
23, 3, 1, 6, 4, 1, 1, 3, 4, 2, 1, 4, 5, 11, 1, 3, 1, 1, 1, 48, 2, 3, 3, 15, 6,
1, 1, 2, 1, 1, 9, 1, 1, 1, 1, 2, 1, 2, 8, 2, 5, 3, 9, 1, 1, 1, 3, 10, 1, 7, 1,
1, 1, 2, 2, 1, 2, 6, 3, 2, 5, 1, 1, 2, 1, 8, 1, 10, 2, 5, 8, 2, 2, 1, 4, 16, 6,
1, 3, 1, 6, 1, 1, 1, 1, 1, 5, 4, 9, 9, 4, 10, 2, 1, 8, 1, 2, 1, 1, 2, 2, 1, 1,
1, 4, 1, 2, 1, 3, 9, 3, 1, 2, 1, 8, 1, 1, 1, 1, 1, 1, 4, 1, 2, 4, 1, 1, 4, 1, 1,
4, 1, 3, 3, 1, 3, 2, 1, 3, 1, 2, 3, 6, 1, 2, 2, 3, 1, 1, 1, 7, 1, 1, 1, 12, 5,
12, 4, 9, 3, 3, 14, 3, 16, 15, 3, 2, 17, 1, 1, 11, 3, 7, 6, 5, 1, 3, 3, 3, 8, 3,
1, 2, 1, 4, 6, 1, 2, 1, 2, 3, 1, 1, 10, 24, 15, 5, 6, 28, 1, 2, 2, 1, 3, 29, 3,
58, 17, 1, 10, 1, 14, 11, 1, 3, 1, 1, 1, 9, 7, 2, 2, 1, 1, 1, 1, 6, 1, 1, 14, 4,
1, 2, 1, 1, 1, 23, 1, 1, 2, 2, 8, 10, 4, 1, 10, 1, 4, 5, 1, 3, 7, 2, 1, 2, 11,
1, 1, 1, 1, 2, 14, 6, 1, 7, 1, 1, 11, 10, 6, 2, 8, 2, 2, 6, 34, 15, 16, 28, 8,
22, 9, 9, 1, 7, 13, 11, 1, 7, 23, 1, 3, 1, 2, 5, 2, 1, 2, 1, 5, 1, 1, 2, 1, 3,
7, 3, 1, 2, 7, 1, 17, 1, 1, 1, 9, 1, 7, 2, 2, 1, 1, 1, 7, 7, 1, 2, 1, 1, 4, 5,
3, 1, 11, 2, 7, 1, 34, 6, 8, 6, 2, 4, 1, 6, 3, 5, 9, 1, 3, 1, 15, 3, 2, 4, 1, 4,
2, 9, 2, 1, 1, 6, 15, 1, 6, 6, 1, 4, 3, 10, 2, 3, 1, 6, 10, 1, 1, 6, 3, 1, 1, 2,
5, 3, 1, 1, 1, 5, 9, 2, 4, 3, 2, 4, 2, 1, 23, 13, 2, 1, 7, 6, 3, 1, 1, 1, 1, 2,
1, 3, 4, 1, 3, 1, 1, 3, 1, 3, 1, 1, 1, 1, 2, 1, 1, 1, 3, 3)
group_unc <- 
c(1, 1, 1, 1, 1, 1, 1, 1, 1, 1, 1, 1, 1, 1, 1, 1, 1, 1, 1, 1, 1,
1, 1, 1, 1, 1, 1, 1, 1, 1, 1, 1, 1, 1, 1, 1, 1, 1, 1, 1, 1, 1, 1, 1, 1, 1, 1, 1,
1, 1, 1, 1, 1, 1, 1, 1, 1, 1, 1, 1, 1, 1, 1, 1, 1, 1, 1, 1, 1, 1, 1, 1, 1, 1, 1,
1, 1, 1, 1, 1, 1, 1, 1, 1, 1, 1, 1, 1, 1, 1, 1, 1, 1, 1, 1, 1, 1, 1, 1, 1, 1, 1,
1, 1, 1, 1, 1, 1, 1, 1, 1, 1, 1, 1, 1, 1, 1, 1, 1, 1, 1, 1, 1, 1, 1, 1, 1, 1, 1,
1, 1, 1, 1, 1, 1, 1, 1, 1, 1, 1, 1, 1, 1, 1, 1, 1, 1, 1, 1, 1, 1, 1, 1, 1, 1, 1,
1, 1, 1, 1, 1, 1, 1, 1, 1, 1, 1, 1, 1, 1, 1, 1, 1, 1, 1, 1, 1, 1, 1, 1, 1, 1, 1,
1, 1, 1, 1, 1, 1, 1, 1, 1, 1, 1, 1, 1, 1, 1, 1, 1, 1, 1, 1, 1, 1, 1, 1, 1, 1, 1,
1, 1, 1, 1, 1, 1, 1, 1, 1, 1, 1, 1, 1, 1, 1, 1, 1, 1, 1, 1, 1, 1, 1, 1, 1, 1, 1,
1, 1, 1, 1, 1, 1, 1, 1, 1, 1, 1, 1, 1, 1, 1, 1, 1, 1, 1, 1, 1, 1, 1, 1, 1, 1, 1,
1, 1, 1, 1, 1, 1, 1, 1, 1, 1, 1, 1, 1, 1, 1, 1, 1, 1, 1, 1, 1, 1, 1, 1, 1, 1, 1,
1, 1, 1, 1, 1, 1, 1, 1, 1, 1, 1, 1, 1, 1, 1, 1, 1, 1, 1, 1, 1, 1, 1, 1, 1, 1, 1,
1, 1, 1, 1, 1, 1, 1, 1, 1, 1, 1, 1, 1, 1, 1, 1, 1, 1, 1, 1, 1, 1, 1, 1, 1, 1, 1,
1, 1, 1, 1, 1, 1, 1, 1, 1, 1, 1, 1, 1, 1, 1, 1, 1, 1, 1, 1, 1, 1, 1, 1, 1, 1, 1,
1, 1, 1, 1, 1, 1, 1, 1, 1, 1, 1, 1, 1, 1, 1, 1, 1, 1, 1, 1, 1, 1, 1, 1, 1, 1, 1,
1, 1, 1, 1, 1, 1, 1, 1, 1, 1, 1, 1, 1, 1, 1, 1, 1, 1, 1, 1, 1, 1, 1, 1, 1, 1, 1,
1, 1, 1, 1, 1, 1, 1, 1, 1, 1, 1, 1, 1, 1, 1, 1, 1, 1, 1, 1, 1, 1, 1, 1, 1, 1, 1,
1, 1, 1, 1, 1, 1, 1, 1, 1, 1, 1, 1, 1, 1, 1, 1, 1, 1, 1, 1, 1, 1, 1, 1, 1, 1, 1,
1, 1, 1, 1, 1, 1, 1, 1, 1, 1, 1, 1, 1, 1, 1, 1, 1, 1, 1, 1, 1, 1, 1, 1, 1, 1, 1,
1, 1, 1, 1, 1, 1, 1, 1, 1, 1, 1, 1, 1, 1, 1, 1, 1, 1, 1, 1, 1, 1, 1, 1, 1, 1, 1,
1, 1, 1, 1, 1, 1, 1, 1, 1, 1, 1, 1, 1, 1, 1, 1, 1, 1, 1, 1, 1, 1, 1, 1, 1, 1, 1,
1, 1, 1, 1, 1, 1, 1, 1, 1, 1, 1, 1, 1, 1, 1, 1, 1, 1, 1, 1, 1, 1, 1, 1, 1, 1, 1,
1, 1, 1, 1, 1, 1, 1, 1, 1, 1, 1, 1, 1, 1, 1, 1, 1, 1, 1, 1, 1, 1, 1, 1, 1, 1, 1,
1, 1, 1, 1, 1, 1, 1, 1, 1, 1, 1, 1, 1, 1, 1, 1, 1, 1, 1, 1, 1, 1, 1, 1, 1, 1, 1,
1, 1, 1, 1, 1, 1, 1, 1, 1, 1, 1, 1, 1, 1, 1, 1, 1, 1, 1, 1, 1, 1, 1, 1, 1, 1, 1,
1, 1, 1, 1, 1, 1, 1, 1, 1, 1, 1, 1, 1, 1, 1, 1, 1, 1, 1, 1, 1, 1, 1, 1, 1, 1, 1,
1, 1, 1, 1, 1, 1, 1, 1, 1, 1, 1, 1, 1, 1, 1, 1, 1, 1, 1, 1, 1, 1, 1, 1, 1, 1, 1,
1, 1, 1, 1, 1, 1, 1, 1, 1, 1, 1, 1, 1, 1, 1, 1, 1, 1, 1, 1, 1, 1, 1, 1, 1, 1, 1,
1, 1, 1, 1, 1, 1, 1, 1, 1, 1, 1, 1, 1, 1, 1, 1, 1, 1, 1, 1, 1, 1, 1, 1, 1, 1, 1,
1, 1, 1, 1, 1, 1, 1, 1, 1, 1, 1, 1, 1, 1, 1, 1, 1, 1, 1, 1, 1, 1, 1, 1, 1, 1, 1,
1, 1, 1, 1, 1, 1, 1, 1, 1, 1, 1, 1, 1, 1, 1, 1, 1, 1, 1, 1, 1, 1, 1, 1, 1, 1, 1,
1, 1, 1, 1, 1, 1, 1, 1, 1, 1, 1, 1, 1, 1, 1, 1, 1, 1, 1, 1, 1, 1, 1, 1, 1, 1, 1,
1, 1, 1, 1, 1, 1, 1, 1, 1, 1, 1, 1, 1, 1, 1, 1, 1, 1, 1, 1, 1, 1, 1, 1, 1, 1, 1,
1, 1, 1, 1, 1, 1, 1, 1, 1, 1, 1, 1, 1, 1, 1, 1, 1, 1, 1, 1, 1, 1, 1, 1, 1, 1, 1,
1, 1, 1, 1, 1, 1, 1, 1, 1, 1, 1, 1, 1, 1, 1, 1, 1, 1, 1, 1, 1, 1, 1, 1, 1, 1, 1,
1, 1, 1, 1, 1, 1, 1, 1, 1, 1, 1, 1, 1, 1, 1, 1, 1, 1, 1, 1, 1, 1, 1, 1, 1, 1, 1,
1, 1, 1, 1, 1, 1, 1, 1, 1, 1, 1, 1, 1, 1, 1, 1, 1, 1, 1, 1, 1, 1, 1, 1, 1, 1, 1,
1, 1, 1, 1, 1, 1, 1, 1, 1, 1, 1, 1, 1, 1, 1, 1, 1, 1, 1, 1, 1, 1, 1, 1, 1, 1, 1,
1, 1, 1, 1, 1, 1, 1, 1, 1, 1, 1, 1, 1, 1, 1, 1, 1, 1, 1, 1, 1, 1, 1, 1, 1, 1, 1,
1, 1, 1, 1, 1, 1, 1, 1, 1, 1, 1, 1, 1, 1, 1, 1, 1, 1, 1, 1, 1, 1, 1, 1)
