dur_unc <- 
c(3, 1, 4, 3, 10, 4, 3, 2, 1, 5, 1, 1, 1, 2, 7, 2, 6, 1, 2, 4, 8, 2,
1, 15, 3, 1, 7, 9, 12, 1, 6, 2, 2, 2, 1, 3, 1, 1, 6, 4, 7, 2, 7, 3, 4, 2, 4, 2,
8, 5, 5, 1, 8, 2, 1, 3, 1, 3, 1, 4, 1, 4, 4, 1, 7, 6, 3, 3, 2, 2, 1, 1, 2, 1, 3,
2, 2, 17, 8, 5, 12, 4, 9, 4, 2, 5, 3, 9, 1, 8, 1, 1, 2, 1, 2, 5, 3, 1, 1, 7, 3,
2, 2, 3, 1, 4, 1, 4, 1, 1, 4, 6, 2, 1, 1, 4, 1, 2, 3, 4, 2, 7, 1, 7, 1, 1, 2, 1,
2, 1, 5, 11, 1, 8, 1, 1, 1, 2, 1, 1, 3, 2, 1, 6, 1, 9, 1, 1, 1, 2, 3, 1, 17, 12,
7, 1, 2, 1, 1, 1, 3, 4, 2, 2, 8, 1, 1, 2, 4, 5, 7, 8, 4, 1, 1, 2, 1, 2, 1, 2, 1,
2, 1, 6, 11, 8, 1, 1, 3, 1, 1, 3, 4, 1, 16, 1, 8, 2, 9, 1, 1, 2, 15, 1, 3, 1,
17, 6, 5, 2, 3, 3, 1, 2, 1, 1, 2, 1, 1, 3, 2, 6, 1, 8, 1, 1, 2, 14, 3, 1, 1, 6,
2, 5, 6, 14, 1, 2, 1, 7, 4, 1, 3, 5, 6, 8, 13, 3, 4, 2, 3, 5, 1, 9, 1, 14, 2, 1,
1, 6, 1, 5, 4, 1, 2, 12, 3, 1, 3, 9, 1, 4, 2, 2, 1, 1, 1, 8, 1, 3, 1, 3, 19, 2,
2, 2, 9, 1, 3, 3, 2, 1, 1, 3, 10, 1, 1, 4, 2, 4, 4, 1, 3, 5, 1, 2, 1, 3, 2, 1,
5, 8, 1, 8, 2, 1, 2, 3, 1, 1, 1, 12, 9, 1, 1, 1, 2, 1, 3, 1, 4, 2, 8, 1, 1, 1,
9, 3, 4, 1, 1, 4, 2, 5, 3, 1, 1, 1, 1, 1, 2, 4, 3, 5, 1, 1, 2, 1, 2, 3, 2, 5, 1,
3, 1, 7, 1, 1, 1, 4, 2, 1, 2, 7, 1, 1, 9, 1, 3, 9, 1, 1, 9, 2, 3, 3, 8, 1, 6, 2,
5, 8, 9, 2, 5, 1, 3, 1, 1, 2, 6, 7, 1, 3, 2, 1, 3, 4, 1, 5, 1, 1, 2, 1, 1, 4,
10, 1, 10, 1, 10, 1, 1, 1, 2, 3, 6, 4, 5, 1, 9, 3, 2, 4, 1, 9, 1, 5, 9, 3, 3, 3,
6, 6, 2, 5, 2, 1, 3, 2, 6, 1, 4, 9, 2, 10, 8, 4, 1, 2, 15, 3, 5, 5, 5, 1, 4, 5,
3, 1, 1, 1, 2, 4, 3, 5, 7, 2, 1, 1, 1, 6, 9, 2, 2, 1, 4, 2, 7, 2, 4, 8, 1, 5, 1,
6, 6, 2, 2, 1, 4, 2, 1, 10, 4, 1, 1, 1, 3, 2, 12, 1, 5, 1, 2, 4, 4, 1, 1, 2, 4,
1, 3, 1, 1, 1, 1, 7, 14, 1, 2, 7, 2, 3, 5, 3, 7, 7, 3, 3, 11, 17, 9, 2, 1, 3, 3,
1, 2, 7, 1, 8, 3, 2, 3, 2, 6, 1, 2, 3, 3, 2, 1, 4, 6, 3, 3, 2, 1, 1, 1, 3, 1, 1,
1, 3, 1, 3, 6, 3, 7, 7, 3, 1, 18, 14, 1, 2, 1, 3, 2, 3, 1, 10, 12, 9, 2, 10, 1,
1, 1, 2, 7, 6, 5, 1, 4, 5, 5, 3, 1, 1, 1, 3, 2, 4, 2, 1, 1, 3, 2, 1, 4, 2, 4, 4,
2, 1, 6, 3, 4, 1, 2, 1, 2, 4, 2, 1, 3, 1, 2, 1, 1, 2, 14, 2, 2, 1, 3, 3, 4, 1,
4, 1, 2, 1, 1, 4, 5, 1, 3, 1, 8, 10, 21, 3, 1, 2, 6, 1, 1, 4, 3, 2, 1, 1, 5, 10,
3, 1, 7, 3, 4, 16, 2, 8, 6, 6, 13, 5, 1, 1, 1, 2, 1, 1, 8, 2, 2, 1, 1, 4, 2, 1,
4, 2, 2, 5, 3, 9, 6, 7, 2, 3, 10, 1, 6, 1, 1, 5, 1, 2, 6, 1, 2, 2, 2, 3, 3, 4,
1, 1, 2, 8, 1, 1, 5, 2, 2, 2, 2, 4, 15, 6, 2, 7, 4, 4, 4, 1, 2, 1, 1, 9, 4, 1,
1, 8, 4, 7, 11, 3, 1, 8, 1, 1, 1, 2, 3, 1, 1, 1, 1, 1, 3, 8, 3, 1, 2, 1, 8, 5,
1, 1, 1, 1, 1, 1, 1, 3, 1, 4, 1, 2, 2, 2, 3, 4, 1, 6, 3, 1, 7, 3, 1, 5, 3, 2, 4,
3, 4, 1, 3, 1, 1, 1, 5, 1, 11, 5, 11, 4, 5, 3, 3, 11, 3, 15, 14, 3, 3, 16, 1, 1,
10, 6, 3, 1, 1, 3, 1, 3, 5, 8, 4, 1, 1, 2, 2, 4, 3, 4, 1, 1, 2, 2, 1, 10, 23,
14, 8, 5, 7, 2, 4, 2, 2, 2, 2, 26, 3, 13, 16, 11, 1, 5, 12, 3, 1, 2, 1, 1, 9, 6,
2, 1, 1, 1, 1, 1, 6, 1, 1, 3, 12, 4, 1, 4, 1, 2, 1, 4, 1, 24, 2, 1, 2, 4, 10, 1,
4, 1, 1, 1, 1, 7, 3, 1, 2, 10, 1, 1, 4, 1, 1, 2, 14, 10, 1, 6, 1, 1, 4, 9, 9, 3,
8, 1, 2, 6, 23, 14, 15, 23, 4, 21, 8, 7, 1, 6, 12, 9, 6, 22, 1, 1, 1, 1, 2, 3,
3, 2, 1, 5, 2, 1, 2, 2, 1, 1, 3, 7, 3, 2, 8, 6, 2, 3, 1, 7, 1, 12, 1, 6, 3, 6,
2, 2, 1, 1, 4, 2, 7, 1, 1, 2, 3, 1, 1, 4, 4, 3, 1, 9, 2, 1, 2, 1, 4, 1, 4, 1, 6,
2, 4, 6, 3, 5, 9, 2, 3, 1, 14, 2, 2, 4, 1, 3, 2, 9, 2, 1, 2, 6, 14, 1, 6, 2, 6,
5, 6, 1, 2, 3, 10, 9, 2, 1, 6, 3, 1, 1, 4, 4, 2, 1, 5, 8, 1, 1, 1, 2, 3, 1, 1,
1, 4, 1, 12, 1, 1, 4, 6, 1, 3, 7, 1, 2, 1, 3, 3, 4, 2, 3, 2, 1, 5, 2, 1, 1, 2,
1, 1, 1, 2, 1, 2, 4, 4)
group_unc <- 
c(1, 1, 1, 1, 1, 1, 1, 1, 1, 1, 1, 1, 1, 1, 1, 1, 1, 1, 1, 1, 1,
1, 1, 1, 1, 1, 1, 1, 1, 1, 1, 1, 1, 1, 1, 1, 1, 1, 1, 1, 1, 1, 1, 1, 1, 1, 1, 1,
1, 1, 1, 1, 1, 1, 1, 1, 1, 1, 1, 1, 1, 1, 1, 1, 1, 1, 1, 1, 1, 1, 1, 1, 1, 1, 1,
1, 1, 1, 1, 1, 1, 1, 1, 1, 1, 1, 1, 1, 1, 1, 1, 1, 1, 1, 1, 1, 1, 1, 1, 1, 1, 1,
1, 1, 1, 1, 1, 1, 1, 1, 1, 1, 1, 1, 1, 1, 1, 1, 1, 1, 1, 1, 1, 1, 1, 1, 1, 1, 1,
1, 1, 1, 1, 1, 1, 1, 1, 1, 1, 1, 1, 1, 1, 1, 1, 1, 1, 1, 1, 1, 1, 1, 1, 1, 1, 1,
1, 1, 1, 1, 1, 1, 1, 1, 1, 1, 1, 1, 1, 1, 1, 1, 1, 1, 1, 1, 1, 1, 1, 1, 1, 1, 1,
1, 1, 1, 1, 1, 1, 1, 1, 1, 1, 1, 1, 1, 1, 1, 1, 1, 1, 1, 1, 1, 1, 1, 1, 1, 1, 1,
1, 1, 1, 1, 1, 1, 1, 1, 1, 1, 1, 1, 1, 1, 1, 1, 1, 1, 1, 1, 1, 1, 1, 1, 1, 1, 1,
1, 1, 1, 1, 1, 1, 1, 1, 1, 1, 1, 1, 1, 1, 1, 1, 1, 1, 1, 1, 1, 1, 1, 1, 1, 1, 1,
1, 1, 1, 1, 1, 1, 1, 1, 1, 1, 1, 1, 1, 1, 1, 1, 1, 1, 1, 1, 1, 1, 1, 1, 1, 1, 1,
1, 1, 1, 1, 1, 1, 1, 1, 1, 1, 1, 1, 1, 1, 1, 1, 1, 1, 1, 1, 1, 1, 1, 1, 1, 1, 1,
1, 1, 1, 1, 1, 1, 1, 1, 1, 1, 1, 1, 1, 1, 1, 1, 1, 1, 1, 1, 1, 1, 1, 1, 1, 1, 1,
1, 1, 1, 1, 1, 1, 1, 1, 1, 1, 1, 1, 1, 1, 1, 1, 1, 1, 1, 1, 1, 1, 1, 1, 1, 1, 1,
1, 1, 1, 1, 1, 1, 1, 1, 1, 1, 1, 1, 1, 1, 1, 1, 1, 1, 1, 1, 1, 1, 1, 1, 1, 1, 1,
1, 1, 1, 1, 1, 1, 1, 1, 1, 1, 1, 1, 1, 1, 1, 1, 1, 1, 1, 1, 1, 1, 1, 1, 1, 1, 1,
1, 1, 1, 1, 1, 1, 1, 1, 1, 1, 1, 1, 1, 1, 1, 1, 1, 1, 1, 1, 1, 1, 1, 1, 1, 1, 1,
1, 1, 1, 1, 1, 1, 1, 1, 1, 1, 1, 1, 1, 1, 1, 1, 1, 1, 1, 1, 1, 1, 1, 1, 1, 1, 1,
1, 1, 1, 1, 1, 1, 1, 1, 1, 1, 1, 1, 1, 1, 1, 1, 1, 1, 1, 1, 1, 1, 1, 1, 1, 1, 1,
1, 1, 1, 1, 1, 1, 1, 1, 1, 1, 1, 1, 1, 1, 1, 1, 1, 1, 1, 1, 1, 1, 1, 1, 1, 1, 1,
1, 1, 1, 1, 1, 1, 1, 1, 1, 1, 1, 1, 1, 1, 1, 1, 1, 1, 1, 1, 1, 1, 1, 1, 1, 1, 1,
1, 1, 1, 1, 1, 1, 1, 1, 1, 1, 1, 1, 1, 1, 1, 1, 1, 1, 1, 1, 1, 1, 1, 1, 1, 1, 1,
1, 1, 1, 1, 1, 1, 1, 1, 1, 1, 1, 1, 1, 1, 1, 1, 1, 1, 1, 1, 1, 1, 1, 1, 1, 1, 1,
1, 1, 1, 1, 1, 1, 1, 1, 1, 1, 1, 1, 1, 1, 1, 1, 1, 1, 1, 1, 1, 1, 1, 1, 1, 1, 1,
1, 1, 1, 1, 1, 1, 1, 1, 1, 1, 1, 1, 1, 1, 1, 1, 1, 1, 1, 1, 1, 1, 1, 1, 1, 1, 1,
1, 1, 1, 1, 1, 1, 1, 1, 1, 1, 1, 1, 1, 1, 1, 1, 1, 1, 1, 1, 1, 1, 1, 1, 1, 1, 1,
1, 1, 1, 1, 1, 1, 1, 1, 1, 1, 1, 1, 1, 1, 1, 1, 1, 1, 1, 1, 1, 1, 1, 1, 1, 1, 1,
1, 1, 1, 1, 1, 1, 1, 1, 1, 1, 1, 1, 1, 1, 1, 1, 1, 1, 1, 1, 1, 1, 1, 1, 1, 1, 1,
1, 1, 1, 1, 1, 1, 1, 1, 1, 1, 1, 1, 1, 1, 1, 1, 1, 1, 1, 1, 1, 1, 1, 1, 1, 1, 1,
1, 1, 1, 1, 1, 1, 1, 1, 1, 1, 1, 1, 1, 1, 1, 1, 1, 1, 1, 1, 1, 1, 1, 1, 1, 1, 1,
1, 1, 1, 1, 1, 1, 1, 1, 1, 1, 1, 1, 1, 1, 1, 1, 1, 1, 1, 1, 1, 1, 1, 1, 1, 1, 1,
1, 1, 1, 1, 1, 1, 1, 1, 1, 1, 1, 1, 1, 1, 1, 1, 1, 1, 1, 1, 1, 1, 1, 1, 1, 1, 1,
1, 1, 1, 1, 1, 1, 1, 1, 1, 1, 1, 1, 1, 1, 1, 1, 1, 1, 1, 1, 1, 1, 1, 1, 1, 1, 1,
1, 1, 1, 1, 1, 1, 1, 1, 1, 1, 1, 1, 1, 1, 1, 1, 1, 1, 1, 1, 1, 1, 1, 1, 1, 1, 1,
1, 1, 1, 1, 1, 1, 1, 1, 1, 1, 1, 1, 1, 1, 1, 1, 1, 1, 1, 1, 1, 1, 1, 1, 1, 1, 1,
1, 1, 1, 1, 1, 1, 1, 1, 1, 1, 1, 1, 1, 1, 1, 1, 1, 1, 1, 1, 1, 1, 1, 1, 1, 1, 1,
1, 1, 1, 1, 1, 1, 1, 1, 1, 1, 1, 1, 1, 1, 1, 1, 1, 1, 1, 1, 1, 1, 1, 1, 1, 1, 1,
1, 1, 1, 1, 1, 1, 1, 1, 1, 1, 1, 1, 1, 1, 1, 1, 1, 1, 1, 1, 1, 1, 1, 1, 1, 1, 1,
1, 1, 1, 1, 1, 1, 1, 1, 1, 1, 1, 1, 1, 1, 1, 1, 1, 1, 1, 1, 1, 1, 1, 1, 1, 1, 1,
1, 1, 1, 1, 1, 1, 1, 1, 1, 1, 1, 1, 1, 1, 1, 1, 1, 1, 1, 1, 1, 1, 1, 1, 1, 1, 1,
1, 1, 1, 1, 1, 1, 1, 1, 1, 1, 1, 1, 1, 1, 1, 1, 1, 1, 1, 1, 1, 1, 1, 1, 1)
