N <- 538
O <- 31
T <- 3
censored <- 
c(0, 0, 0, 1, 0, 0, 0, 0, 0, 0, 0, 0, 0, 0, 0, 0, 0, 0, 0, 0, 0, 0,
0, 0, 0, 0, 0, 0, 0, 0, 0, 1, 0, 0, 0, 0, 0, 0, 1, 0, 0, 0, 0, 0, 0, 0, 0, 0, 0,
0, 0, 0, 0, 0, 0, 0, 0, 0, 0, 0, 0, 0, 0, 0, 0, 0, 0, 0, 0, 0, 0, 0, 0, 0, 0, 0,
0, 1, 0, 0, 0, 0, 0, 0, 0, 0, 0, 0, 0, 0, 0, 0, 0, 0, 0, 0, 0, 0, 0, 0, 0, 0, 0,
0, 0, 0, 0, 0, 0, 0, 0, 0, 0, 0, 1, 0, 0, 0, 0, 0, 0, 0, 0, 0, 0, 0, 0, 0, 0, 0,
0, 0, 0, 0, 0, 0, 0, 0, 0, 0, 0, 0, 0, 0, 0, 0, 0, 0, 0, 0, 0, 0, 0, 0, 0, 0, 0,
0, 0, 0, 0, 0, 0, 0, 0, 0, 0, 0, 0, 0, 1, 0, 0, 0, 0, 0, 0, 0, 0, 0, 0, 0, 0, 0,
0, 0, 0, 0, 0, 0, 0, 0, 0, 0, 0, 0, 0, 0, 0, 0, 0, 0, 0, 0, 0, 0, 0, 0, 0, 0, 0,
0, 0, 0, 0, 0, 0, 0, 0, 0, 0, 0, 0, 0, 0, 0, 0, 0, 0, 0, 0, 0, 0, 0, 0, 0, 0, 0,
0, 1, 0, 0, 0, 0, 0, 0, 1, 0, 0, 0, 0, 0, 0, 0, 0, 0, 0, 0, 0, 0, 0, 0, 0, 0, 0,
0, 0, 0, 0, 0, 0, 0, 0, 0, 0, 0, 0, 0, 0, 0, 0, 0, 0, 0, 0, 1, 0, 0, 0, 0, 0, 0,
0, 0, 0, 0, 0, 0, 0, 0, 0, 0, 0, 0, 0, 0, 0, 0, 0, 0, 0, 0, 0, 0, 0, 0, 0, 0, 0,
0, 1, 0, 0, 0, 0, 0, 0, 1, 0, 0, 0, 0, 1, 0, 0, 0, 1, 0, 0, 0, 0, 0, 0, 0, 0, 0,
0, 0, 0, 0, 0, 1, 0, 0, 0, 0, 0, 0, 0, 0, 0, 0, 0, 0, 0, 0, 0, 0, 0, 0, 0, 0, 0,
0, 0, 0, 0, 0, 0, 0, 0, 0, 0, 0, 0, 0, 0, 0, 0, 0, 0, 0, 0, 0, 0, 0, 0, 0, 0, 0,
0, 0, 0, 0, 0, 0, 0, 0, 0, 0, 0, 0, 0, 0, 0, 0, 0, 0, 0, 0, 0, 0, 0, 1, 0, 0, 0,
1, 0, 0, 0, 0, 0, 0, 0, 0, 0, 0, 0, 0, 0, 0, 0, 0, 0, 0, 0, 0, 0, 0, 0, 0, 0, 0,
0, 0, 0, 0, 1, 0, 0, 1, 0, 0, 0, 0, 0, 0, 0, 0, 0, 0, 0, 0, 0, 0, 0, 0, 0, 0, 0,
0, 0, 0, 0, 0, 0, 0, 0, 0, 0, 1, 1, 0, 0, 0, 0, 0, 0, 0, 0, 0, 0, 0, 0, 0, 0, 0,
0, 0, 0, 0, 0, 0, 0, 1, 0, 0, 0, 0, 0, 0, 0, 1, 0, 0, 0, 0, 0, 0, 0, 0, 0, 0, 0,
0, 0, 0)
dur <- 
c(3, 4, 4, 10, 4, 3, 5, 7, 6, 4, 8, 15, 8, 7, 9, 12, 6, 3, 6, 4, 7, 7,
3, 4, 4, 8, 6, 5, 8, 3, 4, 4, 4, 7, 7, 3, 3, 3, 22, 8, 5, 12, 4, 9, 4, 5, 3, 10,
8, 5, 3, 7, 3, 3, 4, 4, 4, 7, 4, 3, 4, 7, 7, 4, 5, 11, 9, 3, 6, 10, 4, 17, 12,
8, 3, 4, 9, 29, 4, 5, 7, 8, 4, 6, 11, 8, 3, 3, 4, 16, 8, 9, 15, 3, 17, 6, 5, 3,
3, 3, 6, 8, 14, 3, 6, 5, 6, 14, 7, 5, 3, 9, 6, 8, 26, 3, 4, 3, 5, 9, 14, 6, 5,
4, 12, 3, 3, 9, 4, 8, 3, 3, 19, 9, 3, 3, 3, 10, 4, 4, 4, 3, 5, 3, 5, 9, 10, 8,
3, 3, 12, 9, 3, 10, 4, 8, 9, 3, 4, 4, 5, 3, 4, 3, 5, 3, 5, 3, 7, 4, 8, 9, 3, 9,
9, 3, 3, 8, 7, 5, 10, 9, 5, 3, 6, 7, 3, 7, 3, 4, 5, 10, 10, 10, 11, 3, 6, 4, 5,
3, 10, 3, 4, 10, 5, 9, 3, 3, 3, 6, 6, 5, 3, 6, 4, 9, 10, 8, 4, 3, 15, 3, 5, 5,
5, 4, 5, 3, 4, 3, 5, 7, 6, 9, 4, 7, 4, 8, 5, 7, 6, 4, 10, 4, 3, 12, 5, 4, 4, 4,
3, 7, 14, 7, 3, 5, 3, 7, 7, 3, 3, 11, 18, 9, 3, 3, 7, 8, 6, 3, 6, 3, 3, 4, 6, 3,
3, 3, 3, 3, 6, 3, 7, 8, 3, 18, 14, 3, 3, 10, 12, 9, 10, 7, 6, 5, 4, 5, 5, 3, 3,
4, 3, 4, 4, 4, 6, 3, 4, 4, 3, 14, 3, 3, 4, 4, 6, 5, 3, 8, 10, 21, 3, 6, 4, 3, 6,
10, 3, 7, 3, 4, 33, 8, 6, 6, 13, 5, 8, 4, 8, 5, 3, 9, 6, 7, 3, 10, 6, 5, 6, 5,
3, 3, 4, 8, 5, 4, 15, 6, 7, 4, 4, 4, 9, 4, 8, 4, 7, 11, 3, 8, 3, 3, 8, 3, 8, 5,
4, 3, 4, 6, 3, 7, 3, 5, 3, 4, 3, 6, 3, 5, 11, 5, 11, 4, 9, 3, 3, 11, 3, 15, 14,
3, 3, 16, 10, 7, 5, 3, 3, 5, 8, 4, 4, 3, 4, 3, 10, 23, 14, 8, 5, 23, 4, 26, 3,
26, 16, 11, 5, 12, 3, 9, 6, 6, 3, 12, 4, 4, 4, 24, 4, 10, 4, 7, 3, 10, 4, 14,
10, 6, 4, 10, 9, 3, 8, 6, 28, 14, 15, 24, 8, 21, 8, 7, 6, 12, 9, 6, 22, 3, 3, 5,
3, 7, 3, 8, 6, 3, 7, 16, 6, 3, 6, 4, 7, 3, 4, 4, 3, 10, 7, 3, 8, 6, 4, 6, 3, 5,
9, 3, 14, 3, 4, 3, 9, 6, 14, 6, 6, 5, 10, 3, 10, 9, 6, 3, 4, 4, 5, 8, 3, 20, 12,
4, 6, 3, 7, 3, 3, 4, 3, 5, 3, 3, 4, 4)
cohort <- 
c(13, 14, 6, 8, 20, 13, 19, 24, 23, 12, 7, 13, 6, 7, 7, 21, 20, 24,
24, 18, 21, 24, 27, 4, 4, 24, 6, 12, 6, 15, 23, 2, 31, 24, 6, 19, 3, 20, 20, 19,
17, 26, 18, 24, 22, 24, 16, 8, 19, 20, 18, 5, 3, 27, 23, 18, 2, 5, 19, 3, 24,
12, 24, 20, 20, 12, 13, 3, 7, 8, 2, 27, 30, 9, 20, 20, 7, 27, 18, 28, 7, 8, 19,
7, 9, 10, 20, 19, 24, 14, 24, 24, 13, 26, 15, 24, 24, 20, 20, 19, 18, 6, 12, 15,
4, 4, 20, 14, 19, 28, 24, 7, 6, 24, 24, 20, 20, 29, 17, 25, 30, 17, 24, 23, 24,
18, 30, 23, 19, 26, 28, 23, 17, 30, 30, 20, 28, 28, 28, 28, 30, 20, 18, 7, 19,
8, 8, 7, 17, 6, 10, 7, 20, 22, 31, 23, 25, 19, 26, 26, 8, 26, 13, 30, 19, 3, 28,
21, 24, 19, 6, 7, 14, 7, 7, 28, 6, 6, 7, 15, 8, 24, 6, 20, 6, 30, 26, 15, 24,
24, 23, 8, 24, 24, 10, 24, 23, 22, 24, 7, 8, 23, 31, 30, 5, 7, 24, 28, 28, 5,
26, 27, 3, 24, 28, 7, 24, 28, 20, 7, 13, 24, 3, 18, 18, 27, 22, 18, 6, 17, 19,
7, 20, 25, 20, 23, 27, 7, 5, 5, 5, 20, 24, 19, 26, 14, 3, 23, 18, 20, 1, 8, 13,
6, 22, 8, 28, 7, 6, 20, 18, 11, 18, 28, 26, 30, 23, 24, 6, 22, 5, 20, 24, 4, 24,
23, 24, 20, 30, 21, 24, 3, 5, 6, 19, 16, 12, 28, 19, 26, 24, 22, 26, 23, 31, 5,
2, 20, 30, 19, 26, 22, 30, 17, 20, 20, 23, 24, 19, 31, 23, 12, 30, 18, 28, 22,
22, 31, 22, 6, 8, 24, 20, 5, 20, 20, 28, 8, 20, 31, 30, 31, 31, 22, 24, 24, 11,
12, 10, 31, 8, 18, 18, 7, 27, 28, 16, 8, 23, 28, 31, 3, 18, 24, 24, 6, 5, 4, 13,
5, 23, 27, 28, 24, 24, 15, 26, 4, 31, 22, 26, 6, 30, 20, 23, 20, 8, 30, 1, 19,
30, 19, 23, 14, 24, 24, 22, 30, 27, 16, 6, 6, 24, 13, 3, 9, 2, 8, 3, 15, 28, 4,
16, 15, 20, 31, 14, 9, 5, 8, 1, 20, 21, 6, 20, 4, 31, 26, 20, 27, 24, 12, 23,
23, 21, 27, 24, 18, 24, 14, 24, 28, 24, 16, 7, 28, 20, 28, 28, 4, 27, 26, 22,
19, 26, 2, 14, 19, 24, 31, 30, 24, 24, 28, 23, 23, 17, 6, 7, 26, 12, 13, 22, 8,
19, 24, 24, 23, 10, 26, 23, 20, 24, 17, 6, 5, 7, 23, 31, 31, 31, 5, 14, 25, 28,
10, 30, 5, 23, 18, 23, 16, 8, 5, 25, 8, 19, 4, 5, 3, 3, 7, 4, 12, 1, 14, 26, 24,
23, 12, 20, 6, 21, 17, 3, 24, 7, 20, 14, 20, 30, 19, 13, 14, 18, 10, 24, 4, 5,
24, 19, 2, 19, 2, 31, 5, 16, 27, 24)
