N <- 538
O <- 31
T <- 3
censored <- 
c(0, 0, 0, 1, 0, 0, 0, 0, 0, 0, 0, 0, 0, 0, 0, 0, 0, 0, 0, 0, 0, 0,
0, 0, 0, 0, 0, 0, 0, 0, 0, 1, 0, 0, 0, 0, 0, 0, 1, 0, 0, 0, 0, 0, 0, 0, 0, 0, 0,
0, 0, 0, 0, 0, 0, 0, 0, 0, 0, 0, 0, 0, 0, 0, 0, 0, 0, 0, 0, 0, 0, 0, 0, 0, 0, 0,
0, 1, 0, 0, 0, 0, 0, 0, 0, 0, 0, 0, 0, 0, 0, 0, 0, 0, 0, 0, 0, 0, 0, 0, 0, 0, 0,
0, 0, 0, 0, 0, 0, 0, 0, 0, 0, 0, 1, 0, 0, 0, 0, 0, 0, 0, 0, 0, 0, 0, 0, 0, 0, 0,
0, 0, 0, 0, 0, 0, 0, 0, 0, 0, 0, 0, 0, 0, 0, 0, 0, 0, 0, 0, 0, 0, 0, 0, 0, 0, 0,
0, 0, 0, 0, 0, 0, 0, 0, 0, 0, 0, 0, 0, 1, 0, 0, 0, 0, 0, 0, 0, 0, 0, 0, 0, 0, 0,
0, 0, 0, 0, 0, 0, 0, 0, 0, 0, 0, 0, 0, 0, 0, 0, 0, 0, 0, 0, 0, 0, 0, 0, 0, 0, 0,
0, 0, 0, 0, 0, 0, 0, 0, 0, 0, 0, 0, 0, 0, 0, 0, 0, 0, 0, 0, 0, 0, 0, 0, 0, 0, 0,
0, 1, 0, 0, 0, 0, 0, 0, 1, 0, 0, 0, 0, 0, 0, 0, 0, 0, 0, 0, 0, 0, 0, 0, 0, 0, 0,
0, 0, 0, 0, 0, 0, 0, 0, 0, 0, 0, 0, 0, 0, 0, 0, 0, 0, 0, 0, 1, 0, 0, 0, 0, 0, 0,
0, 0, 0, 0, 0, 0, 0, 0, 0, 0, 0, 0, 0, 0, 0, 0, 0, 0, 0, 0, 0, 0, 0, 0, 0, 0, 0,
0, 1, 0, 0, 0, 0, 0, 0, 1, 0, 0, 0, 0, 1, 0, 0, 0, 1, 0, 0, 0, 0, 0, 0, 0, 0, 0,
0, 0, 0, 0, 0, 1, 0, 0, 0, 0, 0, 0, 0, 0, 0, 0, 0, 0, 0, 0, 0, 0, 0, 0, 0, 0, 0,
0, 0, 0, 0, 0, 0, 0, 0, 0, 0, 0, 0, 0, 0, 0, 0, 0, 0, 0, 0, 0, 0, 0, 0, 0, 0, 0,
0, 0, 0, 0, 0, 0, 0, 0, 0, 0, 0, 0, 0, 0, 0, 0, 0, 0, 0, 0, 0, 0, 0, 1, 0, 0, 0,
1, 0, 0, 0, 0, 0, 0, 0, 0, 0, 0, 0, 0, 0, 0, 0, 0, 0, 0, 0, 0, 0, 0, 0, 0, 0, 0,
0, 0, 0, 0, 1, 0, 0, 1, 0, 0, 0, 0, 0, 0, 0, 0, 0, 0, 0, 0, 0, 0, 0, 0, 0, 0, 0,
0, 0, 0, 0, 0, 0, 0, 0, 0, 0, 1, 1, 0, 0, 0, 0, 0, 0, 0, 0, 0, 0, 0, 0, 0, 0, 0,
0, 0, 0, 0, 0, 0, 0, 1, 0, 0, 0, 0, 0, 0, 0, 1, 0, 0, 0, 0, 0, 0, 0, 0, 0, 0, 0,
0, 0, 0)
cohort <- 
c(13, 14, 6, 8, 20, 13, 19, 24, 23, 12, 7, 13, 6, 7, 7, 21, 20, 24,
24, 18, 21, 24, 27, 4, 4, 24, 6, 12, 6, 15, 23, 2, 31, 24, 6, 19, 3, 20, 20, 19,
17, 26, 18, 24, 22, 24, 16, 8, 19, 20, 18, 5, 3, 27, 23, 18, 2, 5, 19, 3, 24,
12, 24, 20, 20, 12, 13, 3, 7, 8, 2, 27, 30, 9, 20, 20, 7, 27, 18, 28, 7, 8, 19,
7, 9, 10, 20, 19, 24, 14, 24, 24, 13, 26, 15, 24, 24, 20, 20, 19, 18, 6, 12, 15,
4, 4, 20, 14, 19, 28, 24, 7, 6, 24, 24, 20, 20, 29, 17, 25, 30, 17, 24, 23, 24,
18, 30, 23, 19, 26, 28, 23, 17, 30, 30, 20, 28, 28, 28, 28, 30, 20, 18, 7, 19,
8, 8, 7, 17, 6, 10, 7, 20, 22, 31, 23, 25, 19, 26, 26, 8, 26, 13, 30, 19, 3, 28,
21, 24, 19, 6, 7, 14, 7, 7, 28, 6, 6, 7, 15, 8, 24, 6, 20, 6, 30, 26, 15, 24,
24, 23, 8, 24, 24, 10, 24, 23, 22, 24, 7, 8, 23, 31, 30, 5, 7, 24, 28, 28, 5,
26, 27, 3, 24, 28, 7, 24, 28, 20, 7, 13, 24, 3, 18, 18, 27, 22, 18, 6, 17, 19,
7, 20, 25, 20, 23, 27, 7, 5, 5, 5, 20, 24, 19, 26, 14, 3, 23, 18, 20, 1, 8, 13,
6, 22, 8, 28, 7, 6, 20, 18, 11, 18, 28, 26, 30, 23, 24, 6, 22, 5, 20, 24, 4, 24,
23, 24, 20, 30, 21, 24, 3, 5, 6, 19, 16, 12, 28, 19, 26, 24, 22, 26, 23, 31, 5,
2, 20, 30, 19, 26, 22, 30, 17, 20, 20, 23, 24, 19, 31, 23, 12, 30, 18, 28, 22,
22, 31, 22, 6, 8, 24, 20, 5, 20, 20, 28, 8, 20, 31, 30, 31, 31, 22, 24, 24, 11,
12, 10, 31, 8, 18, 18, 7, 27, 28, 16, 8, 23, 28, 31, 3, 18, 24, 24, 6, 5, 4, 13,
5, 23, 27, 28, 24, 24, 15, 26, 4, 31, 22, 26, 6, 30, 20, 23, 20, 8, 30, 1, 19,
30, 19, 23, 14, 24, 24, 22, 30, 27, 16, 6, 6, 24, 13, 3, 9, 2, 8, 3, 15, 28, 4,
16, 15, 20, 31, 14, 9, 5, 8, 1, 20, 21, 6, 20, 4, 31, 26, 20, 27, 24, 12, 23,
23, 21, 27, 24, 18, 24, 14, 24, 28, 24, 16, 7, 28, 20, 28, 28, 4, 27, 26, 22,
19, 26, 2, 14, 19, 24, 31, 30, 24, 24, 28, 23, 23, 17, 6, 7, 26, 12, 13, 22, 8,
19, 24, 24, 23, 10, 26, 23, 20, 24, 17, 6, 5, 7, 23, 31, 31, 31, 5, 14, 25, 28,
10, 30, 5, 23, 18, 23, 16, 8, 5, 25, 8, 19, 4, 5, 3, 3, 7, 4, 12, 1, 14, 26, 24,
23, 12, 20, 6, 21, 17, 3, 24, 7, 20, 14, 20, 30, 19, 13, 14, 18, 10, 24, 4, 5,
24, 19, 2, 19, 2, 31, 5, 16, 27, 24)
occupy <- 
c(-0.147817770220464, -0.0365603841833385, -0.830376885239251,
0.400754507722475, 0.680905560979379, 0.159144526908621, 0.10887876066452,
0.0965432679988483, -0.832332989225841, 0.143709639085099, -0.0746948274527603,
-0.344171310232952, -0.409705692733318, -0.539103558348282, 0.00937826736039167,
0.473315178225423, -0.112810001723885, -0.567259511083209, 0.279588824494274,
0.211960518998466, -0.220052924224944, 0.263722919357509, -0.138782675941582,
-0.823362334117305, -0.407911176135632, -0.208147847484643, -0.651144651717042,
1.11523998482996, -0.356545990632605, -0.325752957569845, -0.793472421614167,
0.425807189645626, 0.769498399371515, -0.537462939795885, -0.279723259045738,
0.0533774238825101, -0.519180656152652, -0.466686067488508, 0.888495907716758,
-0.317503523272428, -0.449539468118125, 1.2982814409649, -0.268258009695275,
0.40232736975855, 0.0769683190827004, 0.830534655260677, -0.179502879412922,
0.0745761405642519, 0.383223012339844, 0.285981040770307, 0.360864583409978,
-0.555634520071769, -0.0713591696682477, -0.220423030729032, -0.405834996174657,
-0.442287016826568, -0.0479290591770537, -0.563668626800557,
-0.0586521552022525, -0.381049599113333, -0.248380693544211,
-0.0613767975847985, -0.105810090740122, -0.208363961722418, -0.343258026127313,
-0.0915438989466037, 0.604768974515824, -0.661132554745595, -0.334061191854239,
-0.0564651943690466, -0.418134034985622, 0.711582527835941, 0.37188275196729,
-0.182937792042897, -0.00590136643987028, 0.384973792872444, -0.29176189916471,
-0.351180632277529, -0.510791362635961, 0.159598253200365, -0.245138285600351,
-0.505496796979279, -0.25817611358423, -0.597840549866442, -0.132768987354207,
0.444233634053016, -0.833168880975223, -0.201271379653166, 0.0653823629267569,
1.07456842739314, 0.467163821036087, 0.276903866343186, -0.0167635799455931,
0.0898577522171313, 1.09834861392463, 0.159674846328849, -0.850595303866207,
-0.0418491383746912, -0.425104493960929, -0.1694112656896, 0.460879283674047,
-0.314499513223451, 0.0764610312275296, 0.166945669385661, -0.434719289082132,
-0.615221522609755, 0.0316495598789946, -0.0650753663248977, 0.500225855979073,
0.24307595845036, -0.61376373329374, -0.335488630816605, 0.46596462449654,
0.720862897951086, 0.831104541354123, -0.573505163991914, -0.36168375549389,
0.279145828951887, 1.14838339393917, 0.800030612178642, 0.745687935956801,
-0.207633643434496, 0.449874707744934, 0.0481328586925854, 0.484679163347063,
-0.0473649463255858, 0.86054530776917, 0.681151028267011, -0.32690603064706,
0.676985158579776, -0.567010110893071, -0.0427162453973502, 0.821542906290745,
0.700393344148338, 1.03199214867205, -0.550878924400784, 0.722396419979212,
0.617667690266965, 0.138703579359625, 0.480308814472122, -0.101409920980997,
-0.319386895010441, -0.0559763925599526, -0.682017680741249, 0.209767021232624,
-0.280236304265065, -0.0862709984482816, -0.521371428330293, 0.837181472718616,
-0.802137881333263, 0.669114342073663, -0.245874650144413, -0.456306366119316,
0.229021590467895, 1.42205434385513, -0.33492151315983, 0.628262244653442,
-0.598845067323544, 0.418280250017869, 0.211013448958775, 0.167410090634188,
0.123673532173649, 0.78922809422849, 0.808450687027873, -0.0380070810854038,
-0.841098476192265, -0.499002012955965, -0.392683982130601, 0.272164067097821,
-0.114748386515344, 0.294579988776245, -0.400377253943326, -0.183952913857529,
0.0298698953914833, -0.452180762852614, 0.0967401129617647, 0.0329327202792158,
-0.195103023865539, 0.109073203047528, 0.52957825444198, -0.526472643250961,
0.205688856051286, -0.0885924383853658, -0.185024656068634, -0.395494905335625,
1.00512854864878, -0.810703772788758, -0.273429328889001, -0.0775792022407062,
0.21331163850707, 0.0731160290783471, -0.511747326472489, 1.07970487730316,
-0.491558830080358, -0.0541775137792611, -0.184975276009057, -0.242358494396506,
0.198662586145064, 0.14111898068209, -0.682017680741249, 0.113705692834108,
0.372081831045907, 1.12383547078497, 0.840873574737425, -0.330166190899018,
-0.528074479480036, -0.512644631738796, 0.359815414449183, -0.0106402010991232,
-0.132375493821541, 0.85865087985181, 0.7326069716483, -0.571452800534167,
0.460339821725019, 0.676208974838937, -0.306937088261084, 1.16466194480124,
