N <- 539
O <- 31
T <- 3
N_unc <- 516
N_cen <- 22
dur_unc <- 
c(3, 4, 4, 4, 3, 5, 7, 6, 4, 8, 15, 8, 7, 9, 12, 6, 3, 6, 4, 7, 7,
3, 4, 4, 8, 6, 5, 8, 3, 4, 4, 7, 7, 3, 3, 3, 8, 5, 12, 4, 9, 4, 5, 3, 10, 8, 5,
3, 7, 3, 3, 4, 4, 4, 7, 4, 3, 4, 7, 7, 4, 5, 11, 9, 3, 6, 10, 4, 17, 12, 8, 3,
4, 9, 4, 5, 7, 8, 4, 6, 11, 8, 3, 3, 4, 16, 8, 9, 15, 3, 17, 6, 5, 3, 3, 3, 6,
8, 14, 3, 6, 5, 6, 14, 7, 5, 3, 9, 6, 8, 3, 4, 3, 5, 9, 14, 6, 5, 4, 12, 3, 3,
9, 4, 8, 3, 3, 19, 9, 3, 3, 3, 10, 4, 4, 4, 3, 5, 3, 5, 9, 10, 8, 3, 3, 12, 9,
3, 10, 4, 8, 9, 3, 4, 4, 5, 3, 4, 3, 5, 3, 5, 3, 7, 4, 9, 3, 9, 9, 3, 3, 8, 7,
5, 10, 9, 5, 3, 6, 7, 3, 7, 3, 4, 5, 10, 10, 10, 11, 3, 6, 4, 5, 3, 10, 3, 4,
10, 5, 9, 3, 3, 3, 6, 6, 5, 3, 6, 4, 9, 10, 8, 4, 3, 15, 3, 5, 5, 5, 4, 5, 3, 4,
3, 5, 7, 6, 9, 4, 7, 4, 8, 5, 6, 4, 10, 4, 3, 12, 4, 4, 4, 3, 7, 14, 7, 3, 5, 3,
7, 7, 3, 3, 11, 18, 9, 3, 3, 7, 8, 6, 3, 6, 3, 3, 4, 6, 3, 3, 3, 3, 3, 6, 3, 7,
8, 3, 14, 3, 3, 10, 12, 9, 10, 7, 6, 5, 4, 5, 5, 3, 3, 4, 3, 4, 4, 4, 6, 3, 4,
4, 3, 14, 3, 3, 4, 4, 6, 5, 3, 8, 21, 3, 6, 4, 3, 6, 3, 7, 3, 4, 8, 6, 6, 5, 8,
4, 8, 5, 3, 9, 6, 7, 3, 10, 6, 5, 6, 3, 3, 4, 8, 5, 4, 15, 6, 7, 4, 4, 4, 9, 4,
8, 4, 7, 11, 3, 8, 3, 3, 8, 3, 8, 5, 4, 3, 4, 6, 3, 7, 3, 5, 3, 4, 3, 6, 3, 5,
11, 5, 11, 4, 9, 3, 3, 11, 3, 15, 14, 3, 3, 16, 10, 7, 5, 3, 3, 5, 8, 4, 4, 3,
4, 3, 10, 23, 14, 8, 5, 4, 26, 3, 16, 11, 5, 12, 3, 9, 6, 6, 3, 12, 4, 4, 4, 24,
4, 10, 4, 7, 3, 10, 4, 14, 10, 6, 4, 10, 9, 3, 8, 6, 14, 15, 8, 21, 8, 7, 6, 12,
9, 6, 22, 3, 3, 5, 3, 7, 3, 8, 6, 3, 7, 16, 6, 3, 6, 4, 7, 3, 4, 4, 3, 3, 8, 6,
4, 6, 3, 5, 9, 3, 14, 3, 4, 3, 9, 6, 14, 6, 6, 5, 10, 3, 10, 6, 3, 4, 4, 5, 8,
3, 12, 4, 6, 3, 7, 3, 3, 4, 3, 5, 3, 3, 4, 4)
cohort_unc <- 
c(13, 14, 6, 20, 13, 19, 24, 23, 12, 7, 13, 6, 7, 7, 21, 20, 24,
24, 18, 21, 24, 27, 4, 4, 24, 6, 12, 6, 15, 23, 31, 24, 6, 19, 3, 20, 19, 17,
26, 18, 24, 22, 24, 16, 8, 19, 20, 18, 5, 3, 27, 23, 18, 2, 5, 19, 3, 24, 12,
24, 20, 20, 12, 13, 3, 7, 8, 2, 27, 30, 9, 20, 20, 7, 18, 28, 7, 8, 19, 7, 9,
10, 20, 19, 24, 14, 24, 24, 13, 26, 15, 24, 24, 20, 20, 19, 18, 6, 12, 15, 4, 4,
20, 14, 19, 28, 24, 7, 6, 24, 20, 20, 29, 17, 25, 30, 17, 24, 23, 24, 18, 30,
23, 19, 26, 28, 23, 17, 30, 30, 20, 28, 28, 28, 28, 30, 20, 18, 7, 19, 8, 8, 7,
17, 6, 10, 7, 20, 22, 31, 23, 25, 19, 26, 26, 8, 26, 13, 30, 19, 3, 28, 21, 24,
19, 7, 14, 7, 7, 28, 6, 6, 7, 15, 8, 24, 6, 20, 6, 30, 26, 15, 24, 24, 23, 8,
24, 24, 10, 24, 23, 22, 24, 7, 8, 23, 31, 30, 5, 7, 24, 28, 28, 5, 26, 27, 3,
24, 28, 7, 24, 28, 20, 7, 13, 24, 3, 18, 18, 27, 22, 18, 6, 17, 19, 7, 20, 25,
20, 23, 27, 7, 5, 5, 20, 24, 19, 26, 14, 23, 18, 20, 1, 8, 13, 6, 22, 8, 28, 7,
6, 20, 18, 11, 18, 28, 26, 30, 23, 24, 6, 22, 5, 20, 24, 4, 24, 23, 24, 20, 30,
21, 24, 3, 5, 6, 19, 12, 28, 19, 26, 24, 22, 26, 23, 31, 5, 2, 20, 30, 19, 26,
22, 30, 17, 20, 20, 23, 24, 19, 31, 23, 12, 30, 18, 28, 22, 22, 31, 22, 6, 24,
20, 5, 20, 20, 28, 20, 31, 30, 31, 22, 24, 24, 12, 10, 31, 8, 18, 18, 7, 27, 28,
16, 8, 23, 28, 31, 18, 24, 24, 6, 5, 4, 13, 5, 23, 27, 28, 24, 24, 15, 26, 4,
31, 22, 26, 6, 30, 20, 23, 20, 8, 30, 19, 30, 19, 23, 14, 24, 24, 22, 30, 27,
16, 6, 6, 24, 13, 3, 9, 2, 8, 3, 15, 28, 4, 16, 15, 20, 31, 14, 9, 5, 8, 1, 20,
21, 6, 20, 4, 31, 26, 20, 27, 24, 12, 23, 23, 27, 24, 18, 14, 24, 28, 24, 16, 7,
28, 20, 28, 28, 4, 27, 26, 22, 19, 26, 2, 14, 19, 24, 31, 30, 24, 24, 28, 23,
23, 17, 6, 7, 12, 13, 8, 19, 24, 24, 23, 10, 26, 23, 20, 24, 17, 6, 5, 7, 23,
31, 31, 31, 5, 14, 25, 28, 10, 30, 5, 23, 18, 23, 16, 25, 8, 19, 4, 5, 3, 3, 7,
4, 12, 1, 14, 26, 24, 23, 12, 20, 6, 21, 17, 3, 24, 20, 14, 20, 30, 19, 13, 14,
10, 24, 4, 5, 24, 19, 2, 19, 2, 31, 5, 16, 27, 24)
dur_cen <- 
c(10, 4, 22, 29, 26, 8, 7, 5, 18, 10, 10, 33, 13, 5, 23, 26, 28, 24,
10, 7, 9, 20)
cohort_cen <- 
c(8, 2, 20, 27, 24, 6, 5, 3, 16, 8, 8, 31, 11, 3, 21, 24, 26, 22,
8, 5, 7, 18)
occupy_unc <- 
c(-0.148634027360829, -0.0373451049747855, -0.831386616477604,
0.680324208765867, 0.1584152794532, 0.108135265177581, 0.0957962759674139,
-0.833343274929655, 0.142976016549289, -0.075490357603941, -0.345043224565792,
-0.410596183047729, -0.540030727002752, 0.00860656806257751, 0.472674983691633,
-0.113616335772925, -0.568194660654553, 0.278893717454417, 0.21124624244623,
-0.220889656707233, 0.263023315063688, -0.13959637204851, -0.824370077053221,
-0.40880115778717, -0.208981205425544, -0.652103578865393, 1.1147817464377,
-0.357421412617861, -0.326619651147311, -0.794471692135412, 0.768942159150677,
-0.538389643410497, -0.280576905321942, 0.052618196320745, -0.520102177581195,
-0.467592709116946, -0.318367878514907, -0.450441249474722, 1.29787508640195,
-0.269108406100915, 0.401667053447892, 0.0762157784540801, 0.829995716009518,
-0.180328117823605, 0.0738229218631088, 0.382557280823034, 0.285287745629597,
0.360192514307492, -0.556566374493139, -0.0721537543139523, -0.221259868119483,
-0.406724389324722, -0.443186742446978, -0.0487170024646791, -0.564602758521458,
-0.0594431379941282, -0.381931966743946, -0.249225455645469,
-0.0621685526874025, -0.106614440636531, -0.20919738092176, -0.344129681586138,
-0.0923442050341649, 0.604166041083827, -0.662094313004814, -0.334930240433783,
-0.0572555572581691, -0.419026914347192, 0.711009871130789, 0.371213806008539,
-0.183764004093237, -0.00667739681070368, 0.384308557621344, -0.292618957841374,
-0.511710506085864, 0.158869134355468, -0.245982128628171, -0.506414439663472,
-0.259023652236288, -0.598784367754953, -0.133580978857168, 0.443585196239775,
-0.83417940361588, -0.202102788431889, 0.0646265382127479, 1.07409866048604,
0.466521882875617, 0.276207998241253, -0.0175426892540803, 0.0891088651496377,
1.09788558760605, 0.158945749194579, -0.851610766095796, -0.0426353582845648,
-0.425999349126841, -0.170233643592205, 0.460235564136447, -0.315363016967324,
0.0757083468061476, 0.166218633195127, -0.435616869599991, -0.616170267204173,
0.0308841734676927, -0.0658681698015328, 0.499593289384007, 0.242370501693288,
-0.614712064671973, -0.336358084009404, 0.465322346419037, 0.720292871803783,
-0.574442083918435, -0.362560633799046, 0.27845059634318, 1.14793455017814,
0.799483026435054, 0.745124946565333, -0.208466855622212, 0.449227868916484,
0.0473721445379418, 0.484042189980089, -0.0481527297131781, 0.860014875156917,
0.680569745632178, -0.32777305106768, 0.676402695112599, -0.567945189770939,
-0.0435027110921608, 0.821001418292549, 0.699817515824533, 1.03151031334928,
-0.551809430829632, 0.721826828514832, 0.617068413027289, 0.137968537836259,
0.479670602312363, -0.102213023631774, -0.320251784102135, -0.0567666168962568,
-0.682985358972562, 0.209052122924716, -0.281090095965978, -0.0870698099112084,
-0.52229357074193, 0.836644417534321, -0.803139608113557, 0.668529647592219,
-0.246718701897694, -0.457210065580086, 0.228312149944277, 1.42168307321417,
-0.335790805600872, 0.627665970482377, -0.599789169946526, 0.417624455614619,
0.210298903955767, 0.166683186085706, 0.122934230323583, 0.788677446468191,
0.807905487988015, -0.038792211948846, -0.842111246508249, -0.499917814667775,
-0.393569647573389, 0.271466855480926, -0.115555270007269, -0.401265100074631,
-0.184779413648188, 0.0291040045271987, -0.453083292894716, 0.0959931767268185,
0.0321676975848369, -0.195932684199262, 0.108329762676057, 0.528954007901091,
-0.527396231622271, 0.204972801771225, -0.089391907869683, -0.185851459648889,
-0.396381367545784, 1.00463909873165, -0.81170792760508, -0.27428119112565,
-0.0783755499794015, 0.212597744935037, 0.0723623965027916, -0.512666740894146,
1.07923656634322, -0.492472521992356, -0.0549672282162146, -0.185802065592338,
-0.243201549481445, 0.19794454024083, 0.140384623813844, -0.682985358972562,
0.112963565560306, 0.371412941516913, 1.12337966881742, 0.840337566094143,
-0.331034135425037, -0.528998521898202, -0.513564300505203, 0.359143047955579,
-0.0114175747115031, -0.133187373787195, 0.858119910256423, 0.732040274405432,
-0.572389138710097, 0.459695949274782, 0.675626291359388, -0.3077984484055,
